TakeWPAdv=5
MonsterList=Unique_CaptainDaltyn_|Adventurer_D_TemplarIntroUnique|Unburied_|x1_SpeedKill_Gluttony|Ghoul_|WitherMoth|Beast_B|Goatman_M|Goatman_R|WitherMoth|Beast_A|Goblin|Scavenger|zombie|Corpulent|Skeleton|QuillDemon|FleshPitFlyer|Succubus|Scorpion|azmodanBodyguard|succubus|ThousandPounder|FallenGrunt|FallenChampion|FallenHound|FallenShaman|GoatMutant|demonFlyer_B|demonTrooper_|creepMob|Brickhouse_A|Brickhouse_B|Triune_|TriuneVesselActivated_|TriuneVessel|Triune_Summonable_|TriuneSummoner_A|ConductorProxyMaster|goblin|sandWasp|TriuneCultist|SandShark|Lacuni|Uber|Ghoul|Cultist|CultistMelee|Goatman_Shaman_A|Goatman_Shaman_B|Goatman_Shaman|Goatman_S|WoodWraith_A_01|WoodWraith_A_02|WoodWraith_A_03|graveRobber_
specialML=trDun_Crypt_Pillar_Spawner
BanList=trDun_Cath_Gate_B_SkeletonKing
autobuff=True
usepath=false
attackrange=25
usepath=false
1032.19641113281, 578.292297363281, 0.100000150501728, 1, 25
1005.67065429688, 579.581359863281, 0.100000396370888, 1, 25
977.839721679688, 580.397583007813, 0.100000411272049, 1, 25
966.899353027344, 579.345397949219, 0.100000463426113, 1, 25
sleep=500
InteractWithDoor=trDun_Cath_Gate_C
sleep=500
940.1015625, 581.459411621094, 0.519828915596008, 1, 25
924.103881835938, 584.960266113281, 0.519829869270325, 1, 25
907.625793457031, 588.327453613281, 0.100001126527786, 1, 25
889.990356445313, 584.943603515625, 0.519829332828522, 1, 25
869.6708984375, 582.455810546875, 0.519828915596008, 1, 25
853.963500976563, 575.411376953125, -0.298078179359436, 1, 25
837.136962890625, 573.292053222656, -9.43550109863281, 1, 25
819.525146484375, 577.445495605469, -9.43549919128418, 1, 25
799.220886230469, 581.170104980469, -7.78744554519653, 1, 25
783.447387695313, 584.802124023438, 0.172271892428398, 1, 25
773.222290039063, 571.316101074219, 0.202433794736862, 1, 25
761.577087402344, 557.9814453125, 0.100000478327274, 1, 25
762.744140625, 574.773498535156, 0.531238198280334, 1, 25
765.008605957031, 594.952758789063, 0.100000478327274, 1, 25
771.180603027344, 606.73486328125, 0.100000485777855, 1, 25
764.842102050781, 588.43408203125, 0.100001074373722, 1, 25
753.206970214844, 577.017211914063, 0.531238555908203, 1, 25
733.99365234375, 575.032409667969, 0.531239449977875, 1, 25
715.259155273438, 578.0205078125, 0.100000575184822, 1, 25
695.908264160156, 580.056396484375, 0.100000947713852, 1, 25
676.883850097656, 579.817626953125, 0.100000485777855, 1, 25
657.222351074219, 577.866088867188, 0.100000470876694, 1, 25
640.857238769531, 577.263244628906, 0.100000470876694, 1, 25
624.237548828125, 574.431518554688, 0.100000478327274, 1, 25
608.318603515625, 573.741333007813, 0.100000478327274, 1, 25
584.41943359375, 573.58740234375, 0.100000582635403, 1, 25
568.042236328125, 573.619018554688, 0.100000478327274, 1, 25
544.056030273438, 568.486755371094, 0.100000664591789, 1, 25
550.474304199219, 552.70361328125, 0.100000485777855, 1, 25
sleep=500
InteractWithDoor=trDun_Cath_Gate_D
sleep=500
549.511352539063, 531.530639648438, 0.257283568382263, 1, 25
550.720092773438, 516.338928222656, 6.87897157669067, 1, 25
551.13037109375, 498.858367919922, 6.87897157669067, 1, 25
541.002380371094, 488.368713378906, 6.87897109985352, 1, 25
510.795562744141, 491.773895263672, 6.87897109985352, 1, 25
509.361968994141, 498.264465332031, 6.87897205352783, 1, 25
503.724609375, 514.241821289063, 6.87897157669067, 1, 25
506.573394775391, 527.132141113281, 2.36313152313232, 1, 25
sleep=500
InteractWithDoor=trDun_Cath_Gate_D
sleep=500
501.214599609375, 552.042053222656, 0.100000955164433, 1, 25
496.035003662109, 567.616088867188, 0.10000067949295, 1, 25
492.843292236328, 586.946105957031, 0.100000888109207, 1, 25
488.792327880859, 595.689392089844, 0.100000113248825, 1, 25
488.716094970703, 579.04736328125, 0.100000470876694, 1, 25
469.701904296875, 575.411071777344, 0.100000239908695, 1, 25
449.869659423828, 576.466186523438, 0.100000239908695, 1, 25
432.044677734375, 579.837585449219, 0.100000239908695, 1, 25
413.918609619141, 580.446350097656, 0.100000239908695, 1, 25
396.219940185547, 580.000427246094, 0.100000247359276, 1, 25
376.779357910156, 578.850402832031, 0.100000239908695, 1, 25
356.44384765625, 578.359069824219, 0.100000143051147, 1, 25
344.733581542969, 570.69580078125, 0.100000210106373, 1, 25
347.453521728516, 558.201782226563, 0.100000239908695, 1, 25
350.404937744141, 542.309753417969, 0.461367517709732, 1, 25
354.651550292969, 526.754028320313, 0.529854893684387, 1, 25
endsave()
356.131134033203, 512.239990234375, 0.100000232458115, 1, 25
353.751617431641, 492.511596679688, 0.100000239908695, 1, 25
offsetlist()
InteractWithPortal=Boss_Portal_SkeletonKing
endsave()
sleep=500
offsetlist()
attackrange=45
usepath=false
specialml=SkeletonKing
336.606170654297, 453.894195556641, -7.33380222320557,1,25
335.494598388672, 438.1162109375, -7.33360576629639,1,25
324.088958740234, 430.282257080078, -7.47282695770264,1,25
308.919128417969, 432.748657226563, -5.05597448348999,1,25
294.387878417969, 432.017913818359, 0.100001908838749,1,25
279.348693847656, 432.273071289063, 0.133047342300415,1,25
265.194519042969, 431.902587890625, 0.100001759827137,1,25
251.028610229492, 427.420684814453, 0.340606540441513,1,25
247.413970947266, 413.750915527344, 0.100001908838749,1,25
246.152923583984, 397.427307128906, 0.100000932812691,1,25
246.04866027832, 380.165924072266, 0.217803314328194,1,25
247.235290527344, 366.107391357422, 0.100001700222492,1,25
248.866165161133, 348.788146972656, 7.71828651428223,1,25
253.871856689453, 334.179779052734, 7.71828126907349,1,25
267.156127929688, 323.863372802734, 7.71828174591064,1,25
279.751770019531, 316.513854980469, 7.71828269958496,1,25
296.853332519531, 315.477874755859, 11.4525508880615,1,25
310.342498779297, 304.285247802734, 15.100001335144,1,25
320.490570068359, 293.188262939453, 15.100001335144,1,25
331.216949462891, 279.120208740234, 15.1000022888184,1,25
339.249298095703, 266.410430908203, 16.1725978851318,1,25
sleep=500
InteractByActorName=SkeletonKingGizmo
sleep=17000
342.636169433594, 265.551361083984, 16.7462463378906,1,25
339.971771240234, 281.223602294922, 15.100001335144,1,25
341.334197998047, 289.736114501953, 15.1000022888184,1,25
334.705261230469, 276.428192138672, 15.100001335144,1,25
339.781463623047, 281.641479492188, 15.1000022888184,1,25
356.687225341797, 278.550476074219, 15.1000022888184,1,25
352.735046386719, 292.990753173828, 15.100001335144,1,25
337.390716552734, 294.397155761719, 15.100001335144,1,25
333.231201171875, 280.832946777344, 15.100001335144,1,25
342.491851806641, 270.999359130859, 15.100001335144,1,25
340.674682617188, 286.317504882813, 15.1000022888184,1,25
335.83056640625, 279.125030517578, 15.1000022888184,1,25
333.330139160156, 290.248565673828, 15.100001335144,1,25
345.814025878906, 289.352996826172, 15.100001335144,1,25
342.20751953125, 274.019653320313, 15.100001335144,1,25
325.454864501953, 278.025054931641, 15.100001335144,1,25
316.863983154297, 288.057586669922, 15.1000003814697,1,25
335.742492675781, 293.550903320313, 15.100001335144,1,25
354.584930419922, 291.0390625, 15.100001335144,1,25
350.610076904297, 280.834106445313, 15.100001335144,1,25
361.26318359375, 291.121978759766, 15.1000022888184, 1, 25
352.075653076172, 282.369232177734, 15.1000003814697, 1, 25
329.091430664063, 281.377105712891, 15.1000022888184, 1, 25
321.94677734375, 289.059783935547, 15.1000003814697, 1, 25
343.974792480469, 293.204650878906, 15.1000003814697, 1, 25
362.063751220703, 292.850646972656, 15.1000022888184, 1, 25
