MonsterList=WitherMoth|Beast_B|Goatman_M|Goatman_R|Beast_A|Goblin|Scavenger|zombie|Corpulent|Skeleton|QuillDemon|FleshPitFlyer|Succubus|Scorpion|azmodanBodyguard|succubus|ThousandPounder|FallenGrunt|FallenChampion|FallenHound|FallenShaman|GoatMutant|demonFlyer_B|demonTrooper_|creepMob|Brickhouse_A|Brickhouse_B|Triune_|TriuneVesselActivated_|TriuneVessel|Triune_Summonable_|TriuneSummoner_A|ConductorProxyMaster|goblin|sandWasp|TriuneCultist|SandShark|Lacuni|uber_|Uber|Ghoul|Barricade|Cultist|CultistMelee|Goatman_Shaman_A|Goatman_Shaman_B|Goatman_Shaman|Goatman_S|WoodWraith_A_01|WoodWraith_A_02|WoodWraith_A_03||woodwraith_|WoodWraith_Static_pose|WoodWraith_B_|WoodWraith_Static_pose_|WoodWraith_B_01|WoodWraith_B_02|WoodWraith_B_03|WoodWraith_A_01|WoodWraith_A_02|WoodWraith_A_03|WoodWraith_Static_pose_01_B|WoodWraith_Static_pose_02_B|Ghost_|graveRobber_|Log|Bone|RockPile
BanList=LootType2_FesteringSkeleton_
autobuff=True
attackrange=45 
TakeWP=8
Sleep=1000
1264.11657714844, 803.338195800781, 61.205696105957,1,25
1266.03674316406, 776.916198730469, 53.3274154663086,1,25
1243.0146484375, 753.306945800781, 44.8543930053711,1,25
1212.76965332031, 747.643249511719, 44.9668197631836,1,25
1184.35229492188, 740.032897949219, 48.9518432617188,1,25
1149.74304199219, 739.126586914063, 50.6525382995605,1,25
1116.74633789063, 738.158874511719, 50.5683898925781,1,25
1086.35620117188, 740.070373535156, 50.6596069335938,1,25
1051.27258300781, 741.726806640625, 40.9635391235352,1,25
1017.99340820313, 744.600036621094, 40.6466941833496,1,25
985.613586425781, 755.689636230469, 38.2445449829102,1,25
954.92919921875, 765.004699707031, 28.7717914581299,1,25
922.75634765625, 775.597839355469, 25.9967517852783,1,25
888.752502441406, 774.913146972656, 22.2413749694824,1,25
859.727111816406, 757.945861816406, 20.8701801300049,1,25
834.127197265625, 735.124328613281, 20.1000003814697,1,25
804.508483886719, 711.516296386719, 20.1000003814697,1,25
769.289123535156, 692.179931640625, 20.1000022888184,1,25
738.518920898438, 683.035461425781, 20.1000022888184,1,25
707.995178222656, 669.586853027344, 20.1000022888184,1,25
676.554077148438, 651.800476074219, 20.1000003814697,1,25
648.845703125, 633.083862304688, 20.1000003814697,1,25
619.689331054688, 621.008178710938, 20.1000003814697,1,25
590.103271484375, 602.285766601563, 20.1000022888184,1,25
555.648742675781, 595.604614257813, 20.1000022888184,1,25
522.699462890625, 595.365661621094, 20.1000003814697,1,25
486.191436767578, 597.264831542969, 20.1000022888184,1,25
454.617370605469, 597.703186035156, 20.1000022888184,1,25
419.634399414063, 591.093078613281, 20.1000003814697,1,25
389.207855224609, 579.730834960938, 20.1000003814697,1,25
358.727508544922, 562.056762695313, 20.1000022888184,1,25
324.262390136719, 550.746215820313, 20.1000003814697,1,25
290.394409179688, 553.878784179688, 20.1000003814697,1,25
263.76611328125, 571.392883300781, 20.1000003814697,1,25
253.218124389648, 605.125, 20.1000003814697,1,25
251.170028686523, 638.96630859375, 20.1000003814697,1,25
251.428894042969, 667.932373046875, 20.1000003814697,1,25
257.847930908203, 701.916809082031, 20.1000003814697,1,25
284.850708007813, 715.187072753906, 20.1000003814697,1,25
322.270202636719, 717.022094726563, 20.1000003814697,1,25
352.926391601563, 719.163879394531, 20.0999984741211,1,25
383.568389892578, 721.753295898438, 20.0999984741211,1,25
420.10791015625, 722.401489257813, 20.1000003814697,1,25
452.637756347656, 723.390197753906, 20.1000003814697,1,25
488.717315673828, 722.311096191406, 20.1000003814697,1,25
521.642578125, 720.652465820313, 20.1000003814697,1,25
555.098693847656, 720.766418457031, 20.1000022888184,1,25
586.729553222656, 721.74169921875, 20.1000003814697,1,25
601.56640625, 749.43212890625, 20.1000003814697,1,25
603.941467285156, 783.16845703125, 20.1000022888184,1,25
596.264099121094, 816.924377441406, 20.1000003814697,1,25
571.892883300781, 837.447326660156, 20.1000003814697,1,25
539.779602050781, 841.202819824219, 20.1000003814697,1,25
506.837768554688, 842.361267089844, 20.1000003814697,1,25
472.985382080078, 843.4287109375, 20.1000003814697,1,25
437.784545898438, 844.141174316406, 20.1000003814697,1,25
401.695007324219, 843.590454101563, 20.1000003814697,1,25
366.945465087891, 844.146850585938, 20.1000003814697,1,25
331.755279541016, 844.580139160156, 20.1000003814697,1,25
300.116088867188, 844.79345703125, 20.1000003814697,1,25
266.314697265625, 851.576904296875, 20.1000022888184,1,25
242.391952514648, 873.337646484375, 20.1000003814697,1,25
213.960815429688, 893.267028808594, 20.1000022888184,1,25
196.056518554688, 920.45654296875, 20.1000003814697,1,25
208.940139770508, 949.760864257813, 20.1000003814697,1,25
241.475509643555, 957.020690917969, 20.0999984741211,1,25
277.411193847656, 960.705993652344, 20.0999984741211,1,25
310.205352783203, 964.035034179688, 20.1000003814697,1,25
341.741546630859, 962.21044921875, 20.1000003814697,1,25
374.269561767578, 961.307861328125, 20.1000003814697,1,25
407.420440673828, 965.580200195313, 20.1000003814697,1,25
436.940399169922, 970.169189453125, 20.1000003814697,1,25
466.063659667969, 981.980407714844, 20.1000003814697,1,25
496.929107666016, 998.632263183594, 20.1000003814697,1,25
527.779418945313, 1006.56176757813, 20.1000003814697,1,25
557.556579589844, 992.516540527344, 20.1000003814697,1,25
586.716918945313, 978.11767578125, 20.1000022888184,1,25
614.624450683594, 959.003234863281, 20.1000003814697,1,25
637.43896484375, 937.080505371094, 20.1000003814697,1,25
663.046997070313, 914.899353027344, 20.1000003814697,1,25
687.577331542969, 895.689880371094, 20.0999984741211,1,25
716.8212890625, 877.749816894531, 20.1000003814697,1,25
_townportal()
sleep=500