MonsterList=WitherMoth|Beast_B|Goatman_M|Goatman_R|Beast_A|Goblin|Scavenger|zombie|Corpulent|Skeleton|QuillDemon|FleshPitFlyer|Succubus|Scorpion|azmodanBodyguard|succubus|ThousandPounder|FallenGrunt|FallenChampion|FallenHound|FallenShaman|GoatMutant|demonFlyer_B|demonTrooper_|creepMob|Brickhouse_A|Brickhouse_B|Triune_|TriuneVesselActivated_|TriuneVessel|Triune_Summonable_|TriuneSummoner_A|ConductorProxyMaster|goblin|sandWasp|TriuneCultist|SandShark|Lacuni|uber_|Uber|Ghoul|Barricade|Cultist|CultistMelee|Goatman_Shaman_A|Goatman_Shaman_B|Goatman_Shaman|Goatman_S|WoodWraith_A_01|WoodWraith_A_02|WoodWraith_A_03||woodwraith_|WoodWraith_Static_pose|WoodWraith_B_|WoodWraith_Static_pose_|WoodWraith_B_01|WoodWraith_B_02|WoodWraith_B_03|WoodWraith_A_01|WoodWraith_A_02|WoodWraith_A_03|WoodWraith_Static_pose_01_B|WoodWraith_Static_pose_02_B|Ghost_|graveRobber_|Log|Bone|RockPile
BanList=LootType2_FesteringSkeleton_
autobuff=True
attackrange=40 
TakeWP=8
Sleep=1000
1263.86840820313, 824.57275390625, 63.8951072692871,1,25
1263.46911621094, 812.976623535156, 61.6011810302734,1,25
1260.41149902344, 788.3251953125, 60.7075996398926,1,25
1257.93627929688, 741.171691894531, 44.8669738769531,1,25
1237.55053710938, 747.748352050781, 44.8605537414551,1,25
1219.69897460938, 747.742065429688, 44.9116859436035,1,25
1195.70703125, 740.772338867188, 44.9817237854004,1,25
1174.64282226563, 738.943298339844, 50.6621742248535,1,25
1149.65063476563, 738.682983398438, 50.6490707397461,1,25
1125.10473632813, 738.850280761719, 50.5683898925781,1,25
1099.66625976563, 738.971984863281, 50.6615562438965,1,25
1075.56665039063, 738.903503417969, 50.6565551757813,1,25
1042.70153808594, 732.574890136719, 40.8190155029297,1,25
1019.95715332031, 737.185119628906, 40.7287254333496,1,25
998.112365722656, 741.736511230469, 40.8484382629395,1,25
981.254272460938, 754.473205566406, 36.7951431274414,1,25
954.951049804688, 755.676696777344, 28.3245830535889,1,25
932.482666015625, 764.001892089844, 25.6716785430908,1,25
911.981750488281, 775.579284667969, 25.0652351379395,1,25
888.467346191406, 780.855285644531, 21.8096542358398,1,25
871.981262207031, 780.258972167969, 21.0627822875977,1,25
862.0810546875, 798.935729980469, 20.5529594421387,1,25
852.02880859375, 815.666870117188, 20.8486633300781,1,25
834.315490722656, 829.024353027344, 20.1030368804932,1,25
812.99609375, 840.260131835938, 20.1000003814697,1,25
791.967163085938, 851.343383789063, 20.1000022888184,1,25
771.925354003906, 850.046936035156, 20.1000022888184,1,25
743.17236328125, 852.79052734375, 20.1000003814697,1,25
720.792114257813, 866.649780273438, 20.1000003814697,1,25
703.731140136719, 882.198059082031, 20.1000022888184,1,25
682.213439941406, 895.76611328125, 20.1000003814697,1,25
664.128845214844, 911.695068359375, 20.1000003814697,1,25
646.57666015625, 930.461791992188, 20.1000003814697,1,25
626.605773925781, 943.926208496094, 20.1000003814697,1,25
623.630432128906, 969.190734863281, 20.1000003814697,1,25
606.544799804688, 985.549438476563, 20.0999984741211,1,25
581.470703125, 991.977233886719, 20.1000022888184,1,25
557.618286132813, 995.430969238281, 20.1000022888184,1,25
537.946960449219, 999.475646972656, 20.1000003814697,1,25
515.936218261719, 1014.81652832031, 20.1000003814697,1,25
498.855590820313, 1003.25665283203, 20.1000003814697,1,25
468.322784423828, 982.284606933594, 20.1000003814697,1,25
444.863342285156, 973.831115722656, 20.1000022888184,1,25
419.498443603516, 979.62158203125, 20.1000022888184,1,25
396.422790527344, 972.580017089844, 20.1000003814697,1,25
365.723693847656, 958.193786621094, 20.1000003814697,1,25
338.805419921875, 963.491943359375, 20.1000003814697,1,25
316.672546386719, 966.336059570313, 20.1000003814697,1,25
293.483673095703, 966.655517578125, 20.1000003814697,1,25
260.118621826172, 954.589111328125, 20.1000022888184,1,25
236.699401855469, 955.539306640625, 20.1000003814697,1,25
226.110382080078, 971.00537109375, 20.1000003814697,1,25
205.080215454102, 955.93408203125, 20.0999984741211,1,25
193.145095825195, 935.100830078125, 20.1000003814697,1,25
189.765289306641, 902.822143554688, 20.1000003814697,1,25
210.015716552734, 888.2529296875, 20.1000003814697,1,25
233.209381103516, 880.384460449219, 20.1000003814697,1,25
241.548065185547, 862.787841796875, 20.1000003814697,1,25
261.408264160156, 839.692993164063, 20.0999984741211,1,25
290.024536132813, 846.654541015625, 20.1000003814697,1,25
312.714263916016, 845.898193359375, 20.1000003814697,1,25
343.032867431641, 844.591613769531, 20.1000003814697,1,25
370.676300048828, 843.400329589844, 20.1000003814697,1,25
397.428009033203, 842.247436523438, 20.1000003814697,1,25
424.179718017578, 841.094543457031, 20.1000022888184,1,25
450.931427001953, 839.941711425781, 20.1000003814697,1,25
478.574859619141, 838.750427246094, 20.1000003814697,1,25
500.748931884766, 841.248901367188, 20.1000022888184,1,25
518.101806640625, 839.894470214844, 20.1000003814697,1,25
546.905090332031, 837.643981933594, 20.0999984741211,1,25
571.301635742188, 836.476745605469, 20.1000022888184,1,25
589.624877929688, 828.859680175781, 20.1000003814697,1,25
603.8525390625, 806.453979492188, 20.1000003814697,1,25
607.596740722656, 776.57080078125, 20.1000003814697,1,25
603.90087890625, 747.567993164063, 20.1000003814697,1,25
587.074462890625, 727.925903320313, 20.1000003814697,1,25
554.963012695313, 721.342895507813, 20.1000003814697,1,25
524.763122558594, 718.012817382813, 20.1000003814697,1,25
497.464202880859, 715.002746582031, 20.1000003814697,1,25
477.078094482422, 717.424011230469, 20.1000003814697,1,25
454.903411865234, 719.969909667969, 20.1000003814697,1,25
426.644073486328, 722.574829101563, 20.1000003814697,1,25
397.652770996094, 722.3359375, 20.1000003814697,1,25
373.111907958984, 721.849060058594, 20.1000003814697,1,25
344.555267333984, 721.281982421875, 20.1000003814697,1,25
318.229614257813, 720.759399414063, 20.1000003814697,1,25
291.903961181641, 720.236938476563, 20.1000003814697,1,25
265.578308105469, 719.714294433594, 20.1000003814697,1,25
245.17529296875, 703.784118652344, 20.1000003814697,1,25
232.414245605469, 683.022583007813, 20.0999984741211,1,25
235.982315063477, 655.424682617188, 20.1000003814697,1,25
241.396743774414, 629.08349609375, 20.1000003814697,1,25
244.258850097656, 606.646911621094, 20.1000003814697,1,25
250.034301757813, 582.956237792969, 20.1000003814697,1,25
264.039337158203, 561.689331054688, 20.1000003814697,1,25
289.839874267578, 551.950073242188, 20.1000003814697,1,25
309.678955078125, 549.707885742188, 20.1000003814697,1,25
339.055450439453, 551.9453125, 20.1000003814697,1,25
356.804748535156, 559.910766601563, 20.1000003814697,1,25
378.567626953125, 573.044006347656, 20.1000022888184,1,25
395.523956298828, 583.7578125, 20.1000022888184,1,25
412.481018066406, 598.167785644531, 20.1000003814697,1,25
431.189117431641, 607.503479003906, 20.1000022888184,1,25
447.623474121094, 604.882690429688, 20.1000003814697,1,25
463.892578125, 602.252319335938, 20.1000003814697,1,25
474.724060058594, 606.414794921875, 20.0999984741211,1,25
496.546936035156, 602.179443359375, 20.0999984741211,1,25
518.410522460938, 600.135375976563, 20.1000003814697,1,25
537.993530273438, 598.688232421875, 20.1000022888184,1,25
554.439086914063, 597.192016601563, 20.1000022888184,1,25
574.75390625, 596.286560058594, 20.1000022888184,1,25
595.211669921875, 601.699096679688, 20.1000003814697,1,25
611.922546386719, 610.937744140625, 20.1000003814697,1,25
634.734191894531, 624.958801269531, 20.1000022888184,1,25
656.543334960938, 639.685119628906, 20.1000003814697,1,25
678.3330078125, 655.173217773438, 20.1000003814697,1,25
692.7001953125, 663.184997558594, 20.0999984741211,1,25
714.629333496094, 674.823364257813, 20.1000003814697,1,25
738.135314941406, 689.054870605469, 20.1000022888184,1,25
758.943603515625, 692.739685058594, 20.1000022888184,1,25
783.811889648438, 692.971374511719, 20.1000022888184,1,25
_townportal()
sleep=500