TakeWPAdv=5
MonsterList=Unique_CaptainDaltyn_|Adventurer_D_TemplarIntroUnique|Unburied_|x1_SpeedKill_Gluttony|Ghoul_|WitherMoth|Beast_B|Goatman_M|Goatman_R|WitherMoth|Beast_A|Goblin|Scavenger|zombie|Corpulent|Skeleton|QuillDemon|FleshPitFlyer|Succubus|Scorpion|azmodanBodyguard|succubus|ThousandPounder|FallenGrunt|FallenChampion|FallenHound|FallenShaman|GoatMutant|demonFlyer_B|demonTrooper_|creepMob|Brickhouse_A|Brickhouse_B|Triune_|TriuneVesselActivated_|TriuneVessel|Triune_Summonable_|TriuneSummoner_A|ConductorProxyMaster|goblin|sandWasp|TriuneCultist|SandShark|Lacuni|Uber|Ghoul|Cultist|CultistMelee|Goatman_Shaman_A|Goatman_Shaman_B|Goatman_Shaman|Goatman_S|WoodWraith_A_01|WoodWraith_A_02|WoodWraith_A_03|graveRobber_
DecorList=trDun_Crypt_Pillar_Spawner
BanList=trDun_Cath_Gate_B_SkeletonKing
autobuff=True
usepath=false
attackrange=25
usepath=false
1032.19641113281, 578.292297363281, 0.100000150501728, 1, 25
1005.67065429688, 579.581359863281, 0.100000396370888, 1, 25
977.839721679688, 580.397583007813, 0.100000411272049, 1, 25
966.899353027344, 579.345397949219, 0.100000463426113, 1, 25
sleep=500
InteractWithDoor=trDun_Cath_Gate_C
sleep=500
940.1015625, 581.459411621094, 0.519828915596008, 1, 25
924.103881835938, 584.960266113281, 0.519829869270325, 1, 25
907.625793457031, 588.327453613281, 0.100001126527786, 1, 25
889.990356445313, 584.943603515625, 0.519829332828522, 1, 25
869.6708984375, 582.455810546875, 0.519828915596008, 1, 25
853.963500976563, 575.411376953125, -0.298078179359436, 1, 25
837.136962890625, 573.292053222656, -9.43550109863281, 1, 25
819.525146484375, 577.445495605469, -9.43549919128418, 1, 25
799.220886230469, 581.170104980469, -7.78744554519653, 1, 25
783.447387695313, 584.802124023438, 0.172271892428398, 1, 25
773.222290039063, 571.316101074219, 0.202433794736862, 1, 25
761.577087402344, 557.9814453125, 0.100000478327274, 1, 25
762.744140625, 574.773498535156, 0.531238198280334, 1, 25
765.008605957031, 594.952758789063, 0.100000478327274, 1, 25
771.180603027344, 606.73486328125, 0.100000485777855, 1, 25
764.842102050781, 588.43408203125, 0.100001074373722, 1, 25
753.206970214844, 577.017211914063, 0.531238555908203, 1, 25
733.99365234375, 575.032409667969, 0.531239449977875, 1, 25
715.259155273438, 578.0205078125, 0.100000575184822, 1, 25
695.908264160156, 580.056396484375, 0.100000947713852, 1, 25
676.883850097656, 579.817626953125, 0.100000485777855, 1, 25
657.222351074219, 577.866088867188, 0.100000470876694, 1, 25
640.857238769531, 577.263244628906, 0.100000470876694, 1, 25
624.237548828125, 574.431518554688, 0.100000478327274, 1, 25
608.318603515625, 573.741333007813, 0.100000478327274, 1, 25
584.41943359375, 573.58740234375, 0.100000582635403, 1, 25
568.042236328125, 573.619018554688, 0.100000478327274, 1, 25
544.056030273438, 568.486755371094, 0.100000664591789, 1, 25
550.474304199219, 552.70361328125, 0.100000485777855, 1, 25
sleep=500
InteractWithDoor=trDun_Cath_Gate_D
sleep=500
549.511352539063, 531.530639648438, 0.257283568382263, 1, 25
550.720092773438, 516.338928222656, 6.87897157669067, 1, 25
551.13037109375, 498.858367919922, 6.87897157669067, 1, 25
541.002380371094, 488.368713378906, 6.87897109985352, 1, 25
510.795562744141, 491.773895263672, 6.87897109985352, 1, 25
509.361968994141, 498.264465332031, 6.87897205352783, 1, 25
503.724609375, 514.241821289063, 6.87897157669067, 1, 25
506.573394775391, 527.132141113281, 2.36313152313232, 1, 25
sleep=500
InteractWithDoor=trDun_Cath_Gate_D
sleep=500
500.948669433594, 556.132202148438, 0.100000955164433, 1, 25
501.416229248047, 573.88427734375, 0.100000955164433, 1, 25
493.672637939453, 592.652465820313, 0.100000731647015, 1, 25
488.833068847656, 578.438781738281, 0.100000359117985, 1, 25
469.335845947266, 574.72216796875, 0.100000232458115, 1, 25
451.674499511719, 579.347106933594, 0.100000239908695, 1, 25
429.835784912109, 579.066650390625, 0.100000232458115, 1, 25
410.201751708984, 578.986755371094, 0.100000247359276, 1, 25
390.118743896484, 579.093872070313, 0.100000239908695, 1, 25
368.696868896484, 579.208129882813, 0.100000239908695, 1, 25
348.619079589844, 578.874633789063, 0.335590898990631, 1, 25
330.716583251953, 575.288208007813, 0.100000239908695, 1, 25
sleep=500
InteractWithDoor=trDun_Cath_Gate_A
sleep=500
310.750335693359, 576.679504394531, 0.100000239908695, 1, 25
302.341278076172, 592.564208984375, 0.100000016391277, 1, 25
301.771301269531, 610.367553710938, 0.100000068545341, 1, 25
300.945190429688, 626.648193359375, 0.100000150501728, 1, 25
299.820617675781, 644.2783203125, 0.100000232458115, 1, 25
295.704864501953, 649.113098144531, 0.100000239908695, 1, 25
299.906066894531, 630.716003417969, 0.100000239908695, 1, 25
300.659301757813, 613.7890625, 0.100000239908695, 1, 25
300.559722900391, 594.224365234375, 0.100000128149986, 1, 25
297.074401855469, 577.891357421875, 0.100000239908695, 1, 25
295.562286376953, 560.701965332031, 0.100000232458115, 1, 25
294.218902587891, 545.435913085938, 0.100000120699406, 1, 25
294.209777832031, 526.504211425781, 0.100000239908695, 1, 25
303.120910644531, 512.130065917969, 0.100000038743019, 1, 25
304.735778808594, 528.526245117188, 0.100000098347664, 1, 25
297.774780273438, 542.127563476563, 0.100000232458115, 1, 25
296.699493408203, 562.263610839844, 0.100000239908695, 1, 25
302.340728759766, 574.272338867188, 0.100000016391277, 1, 25
307.918670654297, 580.351440429688, 0.100000202655792, 1, 25
313.794158935547, 585.168884277344, 0.100000225007534, 1, 25
324.426910400391, 576.230712890625, 0.100000247359276, 1, 25
336.656646728516, 582.196472167969, 0.405969768762589, 1, 25
349.926086425781, 590.349914550781, 0.100000247359276, 1, 25
347.812744140625, 606.798706054688, 0.100000239908695, 1, 25
345.675567626953, 625.024291992188, 0.584079384803772, 1, 25
345.477081298828, 641.771667480469, 0.642161667346954, 1, 25
346.290863037109, 638.623107910156, 0.642159342765808, 1, 25
343.614074707031, 623.688659667969, 0.330162286758423, 1, 25
342.358093261719, 610.366821289063, 0.100000016391277, 1, 25
341.849334716797, 593.865478515625, 0.100000239908695, 1, 25
341.590698242188, 580.48974609375, 0.895615577697754, 1, 25
341.960632324219, 565.336486816406, 0.10000005364418, 1, 25
343.391204833984, 550.232055664063, 0.100000090897083, 1, 25
343.651245117188, 536.855163574219, 0.541032910346985, 1, 25
