MonsterList=WitherMoth|WoodWraith|Beast_B|Goatman_M|Goatman_R|WitherMoth|Beast_A|Goblin|Scavenger|zombie|Corpulent|Skeleton|QuillDemon|FleshPitFlyer|Succubus|Scorpion|azmodanBodyguard|succubus|ThousandPounder|FallenGrunt|FallenChampion|FallenHound|FallenShaman|GoatMutant|demonFlyer_B|demonTrooper_|creepMob|Brickhouse_A|Brickhouse_B|Triune_|TriuneVesselActivated_|TriuneVessel|Triune_Summonable_|TriuneSummoner_A|ConductorProxyMaster|goblin|sandWasp|TriuneCultist|SandShark|Lacuni|Uber|Ghoul|Cultist|CultistMelee|Goatman_Shaman_A|Goatman_Shaman_B|Goatman_Shaman|Goatman_S|WoodWraith_|Unburied_|graveRobber_
UsePath=false
autobuff=True
attackrange=40

1689.43579101563,3889.34838867188,42.1245231628418, 1, 25
1693.73120117188,3882.482421875,41.488883972168, 1, 25
1700.10070800781,3873.7666015625,40.1778144836426, 1, 25
1707.54541015625,3863.06005859375,40.1550140380859, 1, 25
1719.83728027344,3854.84619140625,40.0999984741211, 1, 25
1728.79455566406,3848.1298828125,40.0999984741211, 1, 25
1737.98803710938,3838.86962890625,40.0999984741211, 1, 25
1746.84692382813,3829.91137695313,40.0999908447266, 1, 25
1755.44836425781,3821.33129882813,39.9581642150879, 1, 25
1759.98034667969,3810.80981445313,40.0999908447266, 1, 25
1749.91479492188,3800.15893554688,40.0999908447266, 1, 25
1737.73364257813,3794.6708984375,40.0999946594238, 1, 25
1723.10327148438,3795.71533203125,40.0999984741211, 1, 25
1706.80993652344,3802.888671875,40.0999984741211, 1, 25
1690.82238769531,3809.38671875,40.0999984741211, 1, 25
1679.14990234375,3816.12670898438,40.0999984741211, 1, 25
1665.56469726563,3823.89135742188,40.0999984741211, 1, 25
1654.27917480469,3830.43603515625,40.0999984741211, 1, 25
1643.62731933594,3835.23974609375,40.0999984741211, 1, 25
1632.23999023438,3839.4716796875,40.0999984741211, 1, 25
1620.84387207031,3843.68017578125,40.0999984741211, 1, 25
1608.79772949219,3847.3623046875,40.0999984741211, 1, 25
1596.37316894531,3849.20654296875,40.0999984741211, 1, 25
1584.68859863281,3848.98022460938,40.0999984741211, 1, 25
1573.19653320313,3846.80590820313,40.0999984741211, 1, 25
1560.34216308594,3844.57495117188,40.0999984741211, 1, 25
1548.89807128906,3842.275390625,40.0999984741211, 1, 25
1536.52429199219,3838.13012695313,40.0999984741211, 1, 25
1525.42626953125,3834.42895507813,40.0999984741211, 1, 25
1513.47399902344,3830.44262695313,40.0999984741211, 1, 25
1501.45654296875,3823.46606445313,40.0999984741211, 1, 25
1493.01440429688,3812.3681640625,40.0999984741211, 1, 25
1478.923828125,3811.21484375,40.0999984741211, 1, 25
1466.65563964844,3817.82348632813,40.0624732971191, 1, 25
1461.55065917969,3828.79614257813,40.0999984741211, 1, 25
1467.61804199219,3840.763671875,40.093563079834, 1, 25
1476.7421875,3846.51171875,40.0996360778809, 1, 25
1489.10119628906,3853.89501953125,40.0999984741211, 1, 25
1496.32153320313,3859.95239257813,40.0999984741211, 1, 25
1502.361328125,3868.35034179688,40.0999984741211, 1, 25
1505.61828613281,3877.5986328125,40.0999984741211, 1, 25
1508.77062988281,3891.6455078125,40.0999984741211, 1, 25
1511.66687011719,3903.90161132813,40.0999984741211, 1, 25
1515.51770019531,3913.97827148438,40.0999984741211, 1, 25
1523.50366210938,3922.48999023438,40.1000137329102, 1, 25
1533.79736328125,3928.02954101563,40.1000137329102, 1, 25
1544.18176269531,3932.3193359375,40.1000137329102, 1, 25
1555.5888671875,3936.49853515625,40.1000137329102, 1, 25
1566.58813476563,3940.48193359375,40.0999984741211, 1, 25
1577.23266601563,3944.11962890625,40.0999984741211, 1, 25
1587.45141601563,3947.61181640625,40.0999984741211, 1, 25
1597.24438476563,3950.95849609375,40.0999984741211, 1, 25
1608.24060058594,3954.94091796875,40.0999984741211, 1, 25
1617.70739746094,3959.11938476563,40.1000061035156, 1, 25
1629.22302246094,3964.22778320313,40.0999984741211, 1, 25
1638.18017578125,3968.44165039063,40.0999984741211, 1, 25
1647.85668945313,3971.990234375,40.1000022888184, 1, 25
1658.84606933594,3974.17016601563,40.0999984741211, 1, 25
1675.57629394531,3967.11450195313,40.0999984741211, 1, 25
1686.16101074219,3966.99584960938,40.0999984741211, 1, 25
1695.40771484375,3969.63623046875,40.0999984741211, 1, 25
1702.82495117188,3978.66430664063,40.0999984741211, 1, 25
1707.96203613281,3989.041015625,40.0999984741211, 1, 25
1708.93896484375,4001.58447265625,40.0999984741211, 1, 25
1707.72717285156,4013.15185546875,38.8392601013184, 1, 25
1703.83471679688,4022.734375,38.0999984741211, 1, 25
1696.54235839844,4030.60815429688,38.0999984741211, 1, 25
1692.86743164063,4039.63891601563,38.0999984741211, 1, 25
1691.74462890625,4051.28271484375,40.0262756347656, 1, 25
1686.09606933594,4058.05322265625,40.1000671386719, 1, 25
1668.84265136719,4056.07055664063,40.0999984741211, 1, 25
1655.06994628906,4053.39770507813,40.0999946594238, 1, 25
1642.36254882813,4050.90576171875,40.0999984741211, 1, 25
1629.23388671875,4047.8359375,40.0999984741211, 1, 25
1617.76928710938,4044.75830078125,40.1000137329102, 1, 25
1604.72546386719,4041.322265625,38.7114181518555, 1, 25
1595.30529785156,4038.95971679688,39.2909545898438, 1, 25
1584.2333984375,4036.56420898438,38.1000137329102, 1, 25
1574.94116210938,4034.865234375,38.1000137329102, 1, 25
1565.19885253906,4033.10522460938,38.1000137329102, 1, 25
1553.68420410156,4031.03051757813,38.1000137329102, 1, 25
1543.49816894531,4029.1953125,38.1000137329102, 1, 25
1533.30651855469,4027.39501953125,38.1000137329102, 1, 25
1522.6708984375,4025.52416992188,38.1000137329102, 1, 25
1514.22473144531,4024.2353515625,38.1000137329102, 1, 25
1501.6767578125,4025.091796875,38.1000137329102, 1, 25
1491.41760253906,4028.41040039063,38.2560844421387, 1, 25
1480.36743164063,4036.64331054688,38.2073516845703, 1, 25
1474.52355957031,4047.19458007813,39.4052124023438, 1, 25
1473.04479980469,4056.65893554688,40.0999984741211, 1, 25
1476.40466308594,4064.9794921875,40.0999984741211, 1, 25
1483.36535644531,4072.60620117188,40.0999984741211, 1, 25
1490.72961425781,4077.5263671875,40.0999984741211, 1, 25
1502.76440429688,4079.17822265625,40.1000061035156, 1, 25
1514.37341308594,4080.62280273438,40.0999984741211, 1, 25
1527.3759765625,4081.658203125,40.0999984741211, 1, 25
1538.15319824219,4082.25561523438,40.0999984741211, 1, 25
1550.57763671875,4084.80737304688,40.0999984741211, 1, 25
1563.61694335938,4091.09008789063,40.0999984741211, 1, 25
1574.03881835938,4097.82861328125,40.1000022888184, 1, 25
1584.91357421875,4104.85986328125,40.1000022888184, 1, 25
1594.87963867188,4111.30517578125,40.0999984741211, 1, 25
1604.93115234375,4117.615234375,40.1009330749512, 1, 25
1615.71252441406,4123.75537109375,40.1057167053223, 1, 25
1625.40209960938,4127.0810546875,40.1053047180176, 1, 25
1634.65698242188,4135.763671875,40.1022338867188, 1, 25
1639.58020019531,4142.751953125,40.1012954711914, 1, 25
1644.43957519531,4155.47314453125,40.1000061035156, 1, 25
1639.87158203125,4161.9267578125,40.0999984741211, 1, 25
1632.83630371094,4168.21875,39.6108551025391, 1, 25
1626.71020507813,4176.27880859375,37.7891998291016, 1, 25
1620.33544921875,4184.93017578125,32.6068077087402, 1, 25
1617.24133300781,4195.77197265625,31.8765106201172, 1, 25
1612.05090332031,4202.78662109375,31.8735313415527, 1, 25
1602.42749023438,4201.76513671875,31.8735294342041, 1, 25
1597.00549316406,4195.1279296875,31.8748512268066, 1, 25
1588.17578125,4186.41259765625,34.8791275024414, 1, 25
1580.32983398438,4179.01904296875,40.0523223876953, 1, 25
1571.75146484375,4175.42529296875,40.0999984741211, 1, 25
1560.30151367188,4173.0302734375,40.0999984741211, 1, 25
1550.60900878906,4171.02294921875,40.0999984741211, 1, 25
1539.69140625,4172.97509765625,40.0999984741211, 1, 25
1529.92358398438,4171.3662109375,40.1000022888184, 1, 25
1520.76013183594,4167.716796875,40.0999984741211, 1, 25
1510.29309082031,4164.544921875,40.1000022888184, 1, 25
1501.55297851563,4164.34716796875,40.0999984741211, 1, 25
1490.24328613281,4164.96435546875,40.2702407836914, 1, 25
1482.28002929688,4163.5439453125,40.1279792785645, 1, 25
1472.2197265625,4161.57373046875,40.1000442504883, 1, 25
1463.7470703125,4159.91748046875,40.1000099182129, 1, 25
1453.67822265625,4157.98828125,40.0999984741211, 1, 25
1444.75561523438,4155.8896484375,40.0999984741211, 1, 25
1435.21704101563,4152.25390625,40.1000862121582, 1, 25
1427.89294433594,4145.1689453125,40.1010437011719, 1, 25
1421.99328613281,4137.4541015625,40.1054725646973, 1, 25
1417.44140625,4131.20068359375,40.1009979248047, 1, 25
1412.96130371094,4123.39599609375,40.1492881774902, 1, 25
1408.09045410156,4116.97021484375,40.1198425292969, 1, 25
1401.9931640625,4112.373046875,40.1006088256836, 1, 25
1394.18664550781,4109.02490234375,40.1008605957031, 1, 25
1387.61535644531,4107.4873046875,40.1022682189941, 1, 25
1382.357421875,4104.181640625,40.1001052856445, 1, 25
1378.1259765625,4098.35986328125,40.100944519043, 1, 25
1375.52368164063,4090.84301757813,40.1033973693848, 1, 25
1378.66516113281,4083.021484375,40.0999984741211, 1, 25
1383.01086425781,4076.1923828125,40.0999984741211, 1, 25
1388.69128417969,4070.45751953125,40.1668167114258, 1, 25
1395.28979492188,4065.76123046875,40.1015434265137, 1, 25
1401.54016113281,4061.35302734375,40.1000785827637, 1, 25
1407.75891113281,4056.90063476563,40.1003684997559, 1, 25
1412.76672363281,4051.75317382813,40.1026878356934, 1, 25
1417.56323242188,4044.67993164063,40.1037750244141, 1, 25
1422.06433105469,4037.41259765625,40.0881958007813, 1, 25
1424.72912597656,4027.90795898438,39.0731163024902, 1, 25
1427.08666992188,4019.232421875,38.2038955688477, 1, 25
1428.70288085938,4010.38256835938,38.2155265808105, 1, 25
1429.48193359375,4002.3466796875,40.8437843322754, 1, 25
1427.62023925781,3993.54565429688,45.186092376709, 1, 25
1425.24951171875,3983.01123046875,49.8100242614746, 1, 25
1423.4677734375,3976.04760742188,50.1000022888184, 1, 25
1417.17834472656,3967.99853515625,50.1000022888184, 1, 25
1408.86889648438,3962.80102539063,50.1000022888184, 1, 25
1399.13098144531,3961.17431640625,50.1000022888184, 1, 25
1389.72094726563,3960.33642578125,53.4710845947266, 1, 25
1381.65246582031,3959.755859375,57.580680847168, 1, 25
1372.65661621094,3959.94750976563,59.5046882629395, 1, 25
1363.87976074219,3961.38354492188,60.0999984741211, 1, 25
1352.94836425781,3961.49291992188,60.1000022888184, 1, 25
1344.48547363281,3958.4375,60.4526596069336, 1, 25
