Takewpadv=13

MonsterList=WitherMoth|WoodWraith|Beast_B|Goatman_M|Goatman_R|WitherMoth|Beast_A|Goblin|Scavenger|zombie|Corpulent|Skeleton|QuillDemon|FleshPitFlyer|Succubus|Scorpion|azmodanBodyguard|succubus|ThousandPounder|FallenGrunt|FallenChampion|FallenHound|FallenShaman|GoatMutant|demonFlyer_B|demonTrooper_|creepMob|Brickhouse_A|Brickhouse_B|Triune_|TriuneVesselActivated_|TriuneVessel|Triune_Summonable_|TriuneSummoner_A|ConductorProxyMaster|goblin|sandWasp|TriuneCultist|SandShark|Lacuni|Uber|Ghoul|Cultist|CultistMelee|Goatman_Shaman_A|Goatman_Shaman_B|Goatman_Shaman|Goatman_S|WoodWraith_|Unburied_|graveRobber_
DecorList=Log|Bone|RockPile|Barricade
UsePath=false
autobuff=True
attackrange=40


2314.55029296875,4800.5361328125,1.28054392337799, 1, 25
2325.84204101563,4811.47509765625,1.28054392337799, 1, 25
2343.2451171875,4822.08837890625,1.29003834724426, 1, 25
2358.92236328125,4827.6904296875,1.28386223316193, 1, 25
2378.3017578125,4823.68505859375,1.29206120967865, 1, 25
2387.24462890625,4807.31884765625,3.03504228591919, 1, 25
2387.02392578125,4784.89111328125,7.55738544464111, 1, 25
2385.96826171875,4761.525390625,7.55738735198975, 1, 25
2386.91821289063,4743.1162109375,7.55738735198975, 1, 25
2388.61474609375,4722.9453125,7.55738592147827, 1, 25
2389.47387695313,4702.28369140625,7.55738735198975, 1, 25
2388.89111328125,4682.49658203125,7.55732822418213, 1, 25
2388.28735351563,4663.1591796875,5.48740768432617, 1, 25
2388.81469726563,4644.275390625,0.895115256309509, 1, 25
2389.87329101563,4626.75830078125,-1.08141279220581, 1, 25
2391.49755859375,4605.66650390625,-1.68354034423828, 1, 25
2392.17553710938,4583.2080078125,-1.84000778198242, 1, 25
2389.43798828125,4564.08447265625,-1.89999711513519, 1, 25
2385.57250976563,4545.12841796875,-1.8999844789505, 1, 25
2381.61376953125,4525.2744140625,-1.89998507499695, 1, 25
2375.56665039063,4507.4501953125,0.100015334784985, 1, 25
2364.57373046875,4491.71337890625,-0.00361030548810959, 1, 25
2349.2861328125,4477.2607421875,0.100015290081501, 1, 25
2333.3486328125,4465.52001953125,0.100000008940697, 1, 25
2317.17895507813,4453.3388671875,0.100000001490116, 1, 25
2299.8916015625,4439.6611328125,0.100002072751522, 1, 25
2284.81518554688,4427.54296875,0.100015319883823, 1, 25
2274.09838867188,4415.0615234375,0.100015312433243, 1, 25
2266.24072265625,4395.9189453125,0.100015290081501, 1, 25
2259.66357421875,4377.244140625,0.100015260279179, 1, 25
2253.95141601563,4365.24560546875,-1.89998424053192, 1, 25
2242.001953125,4350.611328125,0.100266613066196, 1, 25
2231.8076171875,4338.0205078125,0.100015267729759, 1, 25
2222.255859375,4326.65283203125,0.100015580654144, 1, 25
2209.57641601563,4319.8779296875,-1.37892508506775, 1, 25
2194.48608398438,4317.3671875,-7.51506900787354, 1, 25
2181.97583007813,4316.111328125,-12.7984714508057, 1, 25
2168.47729492188,4316.08984375,-18.1701259613037, 1, 25
2150.23583984375,4318.390625,-25.8812637329102, 1, 25
2138.96069335938,4325.58935546875,-28.6960067749023, 1, 25
InteractByActorName=Gharbad_The_Weak_Ghost
Sleep(6000)
2134.7666015625,4346.72412109375,-28.8857021331787, 1, 25
2122.62426757813,4353.9716796875,-28.8857078552246, 1, 25
2113.18676757813,4361.59130859375,-28.8857078552246, 1, 25
2114.8984375,4360.0732421875,-28.8857078552246, 1, 25
InteractByActorName=trOut_Highlands_Goatman_Totem_Gharbad
2123.951171875,4348.9931640625,-28.8857078552246, 1, 25
2128.46069335938,4338.3115234375,-28.885705947876, 1, 25
2128.57763671875,4322.203125,-28.8857040405273, 1, 25
2123.96459960938,4312.59130859375,-28.8857078552246, 1, 25
2112.08349609375,4301.04296875,-28.4595146179199, 1, 25
2105.03515625,4294.7509765625,-28.4409713745117, 1, 25
InteractByActorName=trOut_Highlands_Goatman_Totem_Gharbad
2105.55200195313,4296.14892578125,-28.4100532531738, 1, 25
2114.611328125,4304.88623046875,-28.8734436035156, 1, 25
2122.72290039063,4311.302734375,-28.885705947876, 1, 25
2131.03955078125,4321.77001953125,-28.8857040405273, 1, 25
2123.39599609375,4325.62841796875,-28.885705947876, 1, 25
Sleep(3000)
InteractByActorName=Gharbad_The_Weak_Ghost
Sendkey("space")
Sendkey("space")

