MonsterList=WitherMoth|WoodWraith|Beast_B|Goatman_M|Goatman_R|WitherMoth|Beast_A|Goblin|Scavenger|zombie|Corpulent|Skeleton|QuillDemon|FleshPitFlyer|Succubus|Scorpion|azmodanBodyguard|succubus|ThousandPounder|FallenGrunt|FallenChampion|FallenHound|FallenShaman|GoatMutant|demonFlyer_B|demonTrooper_|creepMob|Brickhouse_A|Brickhouse_B|Triune_|TriuneVesselActivated_|TriuneVessel|Triune_Summonable_|TriuneSummoner_A|ConductorProxyMaster|goblin|sandWasp|TriuneCultist|SandShark|Lacuni|Uber|Ghoul|Cultist|CultistMelee|Goatman_Shaman_A|Goatman_Shaman_B|Goatman_Shaman|Goatman_S|WoodWraith_|Unburied_|graveRobber_
DecorList=Log|Bone|RockPile|Barricade
UsePath=false
autobuff=True
attackrange=40 
revive=false
TakeWP=6
Sleep=500
2155.71533203125, 1817.00427246094, 1.04378223419189,1,25
2148.98754882813, 1801.96875, 0.100000381469727,1,25
2141.95458984375, 1782.32470703125, 0.345872461795807,1,25
2127.49829101563, 1767.81774902344, 0.131259188055992,1,25
2112.62036132813, 1751.97241210938, 0.446779131889343,1,25
2107.70385742188, 1735.88549804688, 0.357421368360519,1,25
2107.77294921875, 1720.34216308594, 0.100000433623791,1,25
2109.33227539063, 1702.19165039063, 0.100000128149986,1,25
2106.90625, 1682.77807617188, 0.100000366568565,1,25
2100.79663085938, 1666.49267578125, 0.100000292062759,1,25
2095.94604492188, 1646.591796875, -0.0447843447327614,1,25
2093.9150390625, 1627.08325195313, 1.95848369598389,1,25
2093.724609375, 1607.45300292969, 5.54484367370605,1,25
2091.86791992188, 1588.80249023438, 6.68454837799072,1,25
2091.22607421875, 1567.85583496094, 6.69528388977051,1,25
2089.67529296875, 1542.48693847656, 4.71057271957397,1,25
2090.51879882813, 1527.36462402344, 1.95805907249451,1,25
endsave()
UsePath=true
2087.927734375, 1493.55590820313, 0.091481439769268,1,25
2084.5654296875, 1475.583984375, 0.100000008940697,1,25
2080.0595703125, 1456.03527832031, 0.100000001490116,1,25
2076.93237304688, 1438.92321777344, 0.100000023841858,1,25
2074.3671875, 1420.83630371094, 0.100000008940697,1,25
2071.4755859375, 1402.78198242188, 0.1000000461936,1,25
2068.25073242188, 1386.14892578125, 0.100000061094761,1,25
2065.45654296875, 1367.64111328125, 0.100000008940697,1,25
2063.13671875, 1347.73657226563, 0.100000008940697,1,25
2061.9951171875, 1331.32800292969, 0.100000001490116,1,25
2062.72387695313, 1310.82836914063, 0.100000120699406,1,25
2063.49658203125, 1290.77270507813, 0.1000000461936,1,25
2065.08642578125, 1272.1064453125, 0.100000001490116,1,25
2067.35571289063, 1252.17333984375, 0.100000008940697,1,25
2070.0751953125, 1233.19470214844, 0.100000090897083,1,25
2072.314453125, 1214.58947753906, 0.100000113248825,1,25
2071.66333007813, 1196.91271972656, 0.0999999940395355,1,25
2069.85522460938, 1178.27099609375, 0.10000017285347,1,25
2068.24243164063, 1159.61730957031, 0.100000001490116,1,25
2066.66064453125, 1139.60693359375, 0.100000001490116,1,25
2059.69848632813, 1121.06713867188, 0.100000262260437,1,25
2051.18212890625, 1106.42175292969, 0.100000001490116,1,25
2041.23803710938, 1088.48754882813, 0.000434942543506622,1,25
2032.13842773438, 1073.17492675781, -0.287662088871002,1,25
2021.20263671875, 1058.98376464844, -0.227471649646759,1,25
2002.9306640625, 1055.01208496094, -0.317964375019073,1,25
1980.13452148438, 1050.74011230469, 0.0923508480191231,1,25
1959.86804199219, 1047.57177734375, 0.100000470876694,1,25
1936.96313476563, 1037.10766601563, 0.100000075995922,1,25
1920.20446777344, 1024.56176757813, 0.100000128149986,1,25
1904.08422851563, 1012.60876464844, 0.100000113248825,1,25
1882.00756835938, 996.783813476563, 0.100000083446503,1,25
1869.39184570313, 977.773132324219, 0.100000001490116,1,25
1858.98828125, 957.076965332031, 0.100000001490116,1,25
1850.00463867188, 937.658874511719, 0.100000001490116,1,25
1840.93872070313, 919.795471191406, 0.100000441074371,1,25
1831.1494140625, 901.77099609375, 0.0999999940395355,1,25
1821.18359375, 884.857177734375, 0.100000262260437,1,25
1810.61499023438, 867.787841796875, 0.100000001490116,1,25
1801.35729980469, 851.540832519531, 0.0217397380620241,1,25
1789.48059082031, 837.280517578125, -0.488215148448944,1,25
1771.13708496094, 825.430236816406, -0.657043695449829,1,25
1754.81140136719, 814.557312011719, -0.248746484518051,1,25
1738.54174804688, 804.457580566406, 0.09972283244133,1,25
1719.00122070313, 806.200561523438, 0.100000478327274,1,25
1699.83776855469, 807.032470703125, 0.100000448524952,1,25
1691.64501953125, 790.703552246094, 0.0999999940395355,1,25
1682.60412597656, 773.291320800781, 0.100000470876694,1,25
1677.47021484375, 750.098815917969, 0.100003816187382,1,25
1679.62133789063, 728.811218261719, 0.100001558661461,1,25
1682.45764160156, 709.848999023438, 0.100000031292439,1,25
1683.75598144531, 688.943420410156, 0.100000955164433,1,25
1683.81018066406, 668.4482421875, 0.100000478327274,1,25
1683.72497558594, 648.386535644531, 0.100000478327274,1,25
1683.76379394531, 627.429809570313, 0.100000478327274,1,25
1683.20422363281, 609.156555175781, 0.100000292062759,1,25
1682.65002441406, 584.204711914063, 0.10000018030405,1,25
1681.39782714844, 563.761779785156, 0.100000262260437,1,25
1679.68615722656, 543.315490722656, 0.100000746548176,1,25
1678.67297363281, 525.064392089844, 0.100002244114876,1,25
1673.39306640625, 505.362518310547, 0.0999999940395355,1,25
1665.91174316406, 486.743499755859, 0.100003816187382,1,25
1657.64758300781, 464.156494140625, 0.100000023841858,1,25
1649.81628417969, 444.238708496094, 0.100000485777855,1,25
1642.58349609375, 425.521575927734, 0.100000478327274,1,25
1633.69604492188, 401.714477539063, 0.100000157952309,1,25
1640.22241210938, 382.180511474609, 0.100000470876694,1,25
1650.12963867188, 363.259368896484, 0.100000478327274,1,25
1659.34875488281, 343.994476318359, 0.100000478327274,1,25
1667.45373535156, 324.18310546875, 0.100000478327274,1,25
1675.93688964844, 305.024505615234, 0.100000478327274,1,25
1683.53881835938, 286.479522705078, 0.100000001490116,1,25
1689.21728515625, 265.846282958984, 0.100000001490116,1,25
1695.42919921875, 241.1962890625, 0.100000008940697,1,25
1709.26623535156, 226.402130126953, 0.100000947713852,1,25
1727.84448242188, 216.74967956543, 0.100000664591789,1,25
1744.84802246094, 208.877990722656, 0.100000955164433,1,25
1768.3671875, 207.134414672852, 0.100000955164433,1,25
1789.23828125, 208.895553588867, 0.10000042617321,1,25
1809.78515625, 213.009521484375, 0.100000962615013,1,25
1828.30712890625, 219.404922485352, 0.100000962615013,1,25
1849.06689453125, 226.204162597656, 0.100000597536564,1,25
1869.69396972656, 231.93913269043, 0.100000001490116,1,25
1888.41357421875, 235.93376159668, 0.100000351667404,1,25
1910.97216796875, 241.251510620117, 0.100000008940697,1,25
1933.21484375, 245.947875976563, 0.100000135600567,1,25
1948.20678710938, 258.258605957031, 0.100003212690353,1,25
1958.15563964844, 272.518524169922, 0.100000478327274,1,25
1968.23352050781, 286.12353515625, 0.093437597155571,1,25
1977.00622558594, 305.146148681641, 0.372175931930542,1,25
1985.26733398438, 322.941009521484, 0.0999999940395355,1,25
1990.21252441406, 342.400390625, 0.10000042617321,1,25
1996.26684570313, 364.795959472656, 0.0999999940395355,1,25
2007.21264648438, 377.054016113281, 0.100000001490116,1,25
2024.11608886719, 386.120574951172, 0.0999999940395355,1,25
2042.923828125, 395.379089355469, 0.0999999940395355,1,25
2061.90380859375, 405.192016601563, 0.0999999940395355,1,25
2076.63696289063, 414.431732177734, 0.100000008940697,1,25
2094.44165039063, 426.233154296875, 0.100000001490116,1,25
2110.5263671875, 436.673126220703, 0.100000217556953,1,25
2122.9501953125, 448.828552246094, 0.100000001490116,1,25
2136.599609375, 464.146423339844, 0.0999998450279236,1,25
2149.3359375, 473.081848144531, 0.0999999940395355,1,25
2171.87426757813, 480.107574462891, 0.100000143051147,1,25
2183.0751953125, 492.829437255859, 0.100000001490116,1,25
2196.33935546875, 508.927032470703, 0.100000955164433,1,25
2207.14184570313, 528.924621582031, 0.0905464217066765,1,25
2217.80151367188, 549.992797851563, 0.14726060628891,1,25
2224.86401367188, 570.632934570313, 0.100000478327274,1,25
2230.86083984375, 590.244445800781, 0.100000008940697,1,25
2239.04907226563, 610.215393066406, 0.100000001490116,1,25
2256.20141601563, 621.440002441406, 0.100000001490116,1,25
2273.4287109375, 632.56494140625, 0.100000008940697,1,25
2290.94067382813, 642.288879394531, 0.0999995619058609,1,25
2308.16674804688, 652.575134277344, 0.100000001490116,1,25
2323.44873046875, 662.537048339844, 0.100000001490116,1,25
2340.55346679688, 673.859191894531, 0.0999999940395355,1,25
2356.11743164063, 684.217468261719, 0.0999998450279236,1,25
2373.8291015625, 696.19580078125, 0.0999997556209564,1,25
2390.26904296875, 712.554504394531, 0.100000008940697,1,25
2400.48608398438, 725.358581542969, 0.10000005364418,1,25
2407.70336914063, 747.357238769531, 0.100000031292439,1,25
2413.85473632813, 765.977844238281, 0.100000239908695,1,25
2422.10424804688, 787.645385742188, 0.100000239908695,1,25
2427.509765625, 806.045349121094, 0.100000239908695,1,25
2434.10400390625, 828.174682617188, 0.100000239908695,1,25
2438.2724609375, 849.179382324219, 0.100000247359276,1,25
2442.92456054688, 873.245727539063, 0.100000239908695,1,25
2437.6640625, 894.889404296875, 0.100000016391277,1,25
2434.67041015625, 919.236755371094, 0.1000000461936,1,25
2427.88989257813, 939.542175292969, 0.100000239908695,1,25
2420.5458984375, 958.960205078125, 0.100000105798244,1,25
2401.24462890625, 968.216186523438, 0.100000001490116,1,25
2383.16650390625, 976.867248535156, 0.100000239908695,1,25
2363.373046875, 986.058837890625, 0.100000232458115,1,25
2347.240234375, 1000.54486083984, 0.100000239908695,1,25
2333.1875, 1015.47161865234, 0.100000068545341,1,25
2315.841796875, 1033.42565917969, 0.100000232458115,1,25
2301.66235351563, 1048.86315917969, 0.100000247359276,1,25
2286.5400390625, 1063.36022949219, 0.100000143051147,1,25
2266.98608398438, 1081.61059570313, 0.106028169393539,1,25
2251.03833007813, 1097.83020019531, 0.104339867830276,1,25
2233.01953125, 1114.43957519531, 0.100000105798244,1,25
2217.39428710938, 1128.369140625, 0.100000090897083,1,25
2203.56420898438, 1142.27197265625, 0.100000239908695,1,25
2191.890625, 1165.88879394531, 0.100000247359276,1,25
2183.07250976563, 1192.07775878906, 0.100000239908695,1,25
2179.99975585938, 1216.03112792969, 0.100000239908695,1,25
2180.03857421875, 1237.41015625, 0.100000239908695,1,25
2181.80102539063, 1265.39978027344, 0.100000105798244,1,25
2183.13427734375, 1282.75073242188, 0.100000232458115,1,25
2184.97509765625, 1305.87390136719, 0.100000232458115,1,25
2189.96240234375, 1326.62609863281, 0.100000239908695,1,25
2195.533203125, 1345.9072265625, 0.100000239908695,1,25
2198.45434570313, 1368.60510253906, 0.100000239908695,1,25
2198.93603515625, 1398.84423828125, 0.0999999940395355,1,25
2190.71215820313, 1414.95739746094, 0.10000017285347,1,25
2170.58837890625, 1411.4794921875, 0.100000061094761,1,25
2151.78564453125, 1404.44116210938, 0.100000031292439,1,25
2127.26977539063, 1394.23376464844, 0.100000038743019,1,25
2125.95141601563, 1372.87854003906, 0.100000001490116,1,25
2124.32373046875, 1350.63598632813, 0.100000120699406,1,25
2122.2705078125, 1326.18237304688, 0.100000068545341,1,25
2120.8173828125, 1303.49011230469, 0.10000005364418,1,25
2119.01904296875, 1281.72485351563, 0.100000038743019,1,25
2117.72802734375, 1261.69006347656, 0.100000001490116,1,25
2117.18725585938, 1241.67321777344, 0.100000120699406,1,25
2116.40087890625, 1219.37719726563, 0.100000001490116,1,25
2119.81518554688, 1196.97094726563, 0.100000478327274,1,25
2134.17163085938, 1176.53088378906, 0.10000079870224,1,25
2144.59497070313, 1159.39587402344, 0.10000091791153,1,25
2150.24633789063, 1142.26599121094, 0.100000858306885,1,25
2154.4443359375, 1121.27429199219, 0.100000485777855,1,25
2158.52685546875, 1100.25085449219, 0.100000381469727,1,25
2162.115234375, 1082.76770019531, 0.100000239908695,1,25
2172.36694335938, 1064.37158203125, 0.100000239908695,1,25
2185.11499023438, 1046.10668945313, 0.100000232458115,1,25
2196.701171875, 1030.85021972656, 0.109999991953373,1,25
2208.53784179688, 1014.69177246094, 0.100000247359276,1,25
2216.62817382813, 997.299743652344, 0.100000083446503,1,25
2179.23999023438, 1006.59338378906, 0.100000239908695,1,25
2158.90966796875, 994.54443359375, 0.10000055283308,1,25
2142.39379882813, 983.93896484375, 0.100000500679016,1,25
2124.1318359375, 977.135314941406, 0.100000478327274,1,25
2105.7587890625, 973.492797851563, 0.100000478327274,1,25
2084.58203125, 968.239807128906, 0.100000955164433,1,25
2063.70776367188, 963.577453613281, 0.10000067949295,1,25
2046.494140625, 958.90234375, 0.100000269711018,1,25
2024.47204589844, 958.67822265625, 0.0999993830919266,1,25
2002.62585449219, 959.424438476563, 0.100000396370888,1,25
1983.19445800781, 956.803955078125, 0.100000001490116,1,25
1966.82690429688, 941.287170410156, 0.100000865757465,1,25
1949.2802734375, 925.719970703125, 0.0999988466501236,1,25
1934.81884765625, 909.938598632813, 0.0999999046325684,1,25
1921.8857421875, 891.898742675781, 0.100000001490116,1,25
1909.25988769531, 870.862182617188, 0.100000783801079,1,25
1898.19604492188, 850.998291015625, 0.100000955164433,1,25
1888.21362304688, 830.553039550781, 0.100000955164433,1,25
1876.56567382813, 808.960083007813, 0.100000500679016,1,25
1872.96545410156, 784.551513671875, 0.100000657141209,1,25
1869.95324707031, 761.574890136719, 0.100000962615013,1,25
1881.00402832031, 742.216247558594, 0.100000955164433,1,25
1902.13464355469, 730.652099609375, 0.100000888109207,1,25
1918.77685546875, 714.0791015625, 0.100000232458115,1,25
1935.71545410156, 695.146667480469, 0.100000001490116,1,25
1947.2041015625, 678.164123535156, 0.100000001490116,1,25
1960.99621582031, 657.367004394531, 0.100000008940697,1,25
1967.20629882813, 639.269836425781, 0.100000001490116,1,25
1959.53503417969, 615.968933105469, 0.0999999940395355,1,25
1950.90222167969, 591.622192382813, 0.100000008940697,1,25
1947.32116699219, 570.977600097656, 0.0999999940395355,1,25
1943.06909179688, 548.191955566406, 0.100000001490116,1,25
1935.75866699219, 523.97021484375, 0.0999999940395355,1,25
1929.82446289063, 504.823425292969, 0.100000001490116,1,25
1912.15673828125, 491.325775146484, 0.100000485777855,1,25
1892.2177734375, 480.4423828125, 0.100000143051147,1,25
1869.15051269531, 475.987091064453, 0.100000008940697,1,25
1847.12561035156, 472.498687744141, 0.100000001490116,1,25
1824.28759765625, 468.54052734375, 0.100000001490116,1,25
1810.02197265625, 454.196166992188, 0.100000001490116,1,25
1798.08215332031, 433.810485839844, 0.100000001490116,1,25
1808.89245605469, 414.351196289063, 0.100000008940697,1,25
1822.005859375, 396.896759033203, 0.100000008940697,1,25
1834.87121582031, 378.675933837891, 0.100000001490116,1,25
1855.7431640625, 372.763366699219, 0.100000001490116,1,25
1879.64367675781, 367.272521972656, 0.100000001490116,1,25
1898.40393066406, 380.435638427734, 0.100000001490116,1,25
1916.72790527344, 393.110504150391, 0.100000001490116,1,25
1934.15576171875, 406.999633789063, 0.100000098347664,1,25
1950.66394042969, 419.907623291016, 0.100000001490116,1,25
1970.271484375, 435.887145996094, 0.100000478327274,1,25
1983.17456054688, 455.683227539063, 0.100000351667404,1,25
1997.06079101563, 475.912414550781, 0.100000306963921,1,25
2010.26416015625, 495.511657714844, 0.100000001490116,1,25
2026.00927734375, 514.317199707031, 0.100000001490116,1,25
2043.12280273438, 534.849243164063, 0.100000008940697,1,25
2053.73950195313, 555.91650390625, 0.100000008940697,1,25
2057.96020507813, 580.517822265625, 0.100036814808846,1,25
2061.93310546875, 603.350708007813, 0.138708114624023,1,25
2075.24951171875, 619.960571289063, 0.200000077486038,1,25
2097.56640625, 628.271423339844, 0.200000822544098,1,25
2120.59814453125, 633.508178710938, 0.200000122189522,1,25
2131.48461914063, 653.325805664063, 0.100000001490116,1,25
2140.92407226563, 677.898498535156, 0.100000001490116,1,25
2149.45629882813, 700.903503417969, 0.100000008940697,1,25
2151.05786132813, 724.006896972656, 0.100000001490116,1,25
2150.88134765625, 748.972412109375, 0.100000947713852,1,25
2151.29956054688, 771.269714355469, 0.0999980717897415,1,25
2140.29345703125, 793.62060546875, 0.100000008940697,1,25
2125.28833007813, 809.493286132813, 0.100000001490116,1,25
2089.40283203125, 795.634521484375, 0.0999989882111549,1,25
2076.31518554688, 776.494445800781, 0.100000001490116,1,25
2059.845703125, 762.247253417969, 0.100000001490116,1,25
2038.11779785156, 755.52099609375, 0.100000001490116,1,25
2015.36120605469, 747.667907714844, 0.0999996960163116,1,25
1989.94641113281, 739.493408203125, 0.0999993607401848,1,25
1967.94226074219, 729.586669921875, 0.100000001490116,1,25
1977.67370605469, 736.693176269531, 0.100000001490116,1,25
_townportal()
sleep=500