MonsterList=Ghost_C_Event|snakeMan_Caster_B|FallenGrunt_A|FallenLunatic_A|sandWasp_A|FallenChampion_A|SandShark_A|Goblin|Uber|SandShark_B|SandShark_|sandWasp_B|Triune_Summonable_C|TriuneCultist_C|TriuneCultist_D|TriuneVessel_C|Triune_Summonable_D|Triune_Berserker_C|Triune_Berserker_B|TriuneSummoner_C|caOut_StingingWinds_Barricade_A|LacuniFemale_A|DuneDervish_B|FallenLunatic_B|FallenGrunt_B|Bloodhawk_A|snakeMan_Melee_A|snakeMan_Melee_B|FallenLunatic_C|snakeMan_Caster_A|FallenChampion_B|DuneDervish_A|FallenShaman_B|FallenShaman_|Khamsin_snakeman_melee|electricEel_A|FallenShaman_A_Unique_MiniPools|Barrel_|DuneDervish|DuneDervish_B_Unique_Uber|Skeleton_C|Corpulent_C|FallenHound_B|FallenHound_A|FallenHound_c|FallenHound_D|Skeleton_
BanList=
AutoBuff=True
usepath=false
revive=false
TakeWP=3
1412.39636230469, 294.7314453125, 174.448226928711,1,25
1410.18005371094, 289.856140136719, 174.297576904297,1,25
1403.64929199219, 283.304351806641, 173.500701904297,1,25
1394.10327148438, 282.567901611328, 172.685821533203,1,25
1381.994140625, 280.572540283203, 171.733245849609,1,25
1372.31994628906, 279.575592041016, 171.05793762207,1,25
1361.69287109375, 278.227813720703, 170.191513061523,1,25
1353.2646484375, 277.397796630859, 169.367767333984,1,25
1335.45849609375, 278.118041992188, 166.013671875,1,25
1318.93920898438, 281.343322753906, 163.074188232422,1,25
1305.17358398438, 290.22412109375, 161.835601806641,1,25
1299.59521484375, 305.694458007813, 161.837631225586,1,25
1300.72631835938, 322.485076904297, 161.841735839844,1,25
1306.53698730469, 340.283386230469, 161.841903686523,1,25
1314.04345703125, 358.329193115234, 161.841918945313,1,25
1319.23498535156, 376.445922851563, 161.841827392578,1,25
sleep=500
InteractWithActor=DavydImpostor
sleep=500
closewindows()
sleep=500
closewindows()
sleep=500
1315.107421875, 406.356872558594, 161.842300415039,1,25
1308.87170410156, 412.061706542969, 161.842300415039,1,25
1302.32543945313, 416.620544433594, 161.842407226563,1,25
InteractWithPortal=g_Portal_Square_Orange
sleep=500
offsetlist()
usepath=false
159.292877197266, 89.2728652954102, 0.100000038743019,1,25
159.221603393555, 94.4647521972656, 0.100000001490116,1,25
159.733657836914, 100.418617248535, 0.100000642240047,1,25
159.405853271484, 106.389701843262, 0.100000001490116,1,25
159.543960571289, 112.771461486816, 0.10000041872263,1,25
159.76643371582, 119.884605407715, 0.100000001490116,1,25
159.884490966797, 127.840133666992, 0.100003115832806,1,25
159.933731079102, 135.675933837891, 0.100000001490116,1,25
160.038803100586, 139.268951416016, 0.100000001490116,1,25
sleep=500
closewindows()
sleep=500
closewindows()
sleep=3500
151.264572143555, 145.617965698242, 0.100000001490116,1,25
147.404968261719, 152.906631469727, 0.100000001490116,1,25
162.063781738281, 153.612915039063, 0.100000001490116,1,25
181.119201660156, 151.501541137695, 0.100000001490116,1,25
186.554321289063, 144.833618164063, 0.100000001490116,1,25
164.613830566406, 148.468460083008, 0.100000001490116,1,25
163.59294128418, 157.853210449219, 0.100000001490116,1,25
164.013656616211, 158.87809753418, 0.100000008940697,1,25
162.489517211914, 166.719589233398, 0.100000008940697,1,25
160.314056396484, 172.301834106445, 0.100000001490116,1,25
162.583267211914, 170.052200317383, 0.100000001490116,1,25
159.372360229492, 168.432647705078, 0.100000008940697,1,25
163.68798828125, 170.214721679688, 0.100000001490116,1,25
sleep=500
InteractWithActor=caOut_Cage
sleep=5000
closewindows()
sleep=500
closewindows()
sleep=500
162.036758422852, 166.980285644531, 0.100000001490116,1,25
162.036758422852, 166.980285644531, 0.100000001490116,1,25
160.617568969727, 147.394592285156, 0.100000008940697,1,25
159.641647338867, 123.484107971191, 0.100000001490116,1,25
InteractWithPortal=g_Portal_Rectangle_Orange
sleep=1000
offsetlist()
usepath=false
1301.56665039063, 419.025634765625, 161.849731445313,1,25
1304.40063476563, 412.471435546875, 161.882781982422,1,25
1307.32067871094, 405.063262939453, 161.842300415039,1,25
1310.99658203125, 394.529296875, 161.842300415039,1,25
1314.30883789063, 382.345794677734, 161.842300415039,1,25
1309.90148925781, 363.223297119141, 161.842300415039,1,25
1304.94934082031, 345.700469970703, 161.842437744141,1,25
1302.57897949219, 332.167388916016, 161.841735839844,1,25
1315.041015625, 340.925903320313, 161.84228515625,1,25
1319.53869628906, 352.416687011719, 161.842025756836,1,25
1322.31481933594, 368.206726074219, 161.841735839844,1,25
1322.359375, 383.155181884766, 161.841720581055,1,25
sleep=1500
InteractWithActor=Davyd
sleep=500
closewindows()
sleep=500
closewindows()
sleep=500
closewindows()
sleep=1000
1315.49340820313, 397.378204345703, 161.842239379883,1,25
1318.65771484375, 401.494842529297, 161.842071533203,1,25
1323.205078125, 407.047454833984, 161.842300415039,1,25
1333.78137207031, 416.467407226563, 161.84228515625,1,25
1342.67919921875, 422.520629882813, 161.858963012695,1,25
1357.77124023438, 430.713073730469, 161.858459472656,1,25
1381.66442871094, 431.513031005859, 161.964050292969,1,25
1393.10437011719, 434.001312255859, 162.447525024414,1,25
1402.52026367188, 439.235229492188, 164.597961425781,1,25
1415.71350097656, 451.450531005859, 168.776977539063,1,25
1418.85473632813, 460.880981445313, 171.302597045898,1,25
sleep=500
1419.48168945313, 468.881317138672, 172.999435424805,1,25
1420.64038085938, 483.369659423828, 174.46516418457,1,25
1416.12658691406, 494.849212646484, 174.539733886719,1,25
1391.01135253906, 505.137969970703, 174.539901733398,1,25
1364.466796875, 515.061706542969, 174.539916992188,1,25
1332.90942382813, 531.934509277344, 174.539901733398,1,25
1307.603515625, 550.350952148438, 174.539855957031,1,25
1283.27685546875, 563.263244628906, 174.53987121582,1,25
1266.26062011719, 583.61572265625, 174.539901733398,1,25
1251.96020507813, 614.201965332031, 174.539916992188,1,25
1241.37438964844, 644.803955078125, 174.53987121582,1,25
1240.69165039063, 668.684143066406, 174.53987121582,1,25
1226.24890136719, 698.076904296875, 174.539855957031,1,25
1214.45788574219, 724.942932128906, 174.539886474609,1,25
1207.56701660156, 759.996154785156, 174.539886474609,1,25
1200.05053710938, 782.138854980469, 174.539901733398,1,25
1179.2099609375, 804.143798828125, 174.539886474609,1,25
1158.67358398438, 825.788452148438, 174.539886474609,1,25
1153.18798828125, 850.197814941406, 174.539886474609,1,25
1165.77392578125, 868.028076171875, 174.539886474609,1,25
1177.43054199219, 884.943969726563, 174.539886474609,1,25
1184.32922363281, 909.27587890625, 174.539886474609,1,25
1200.16101074219, 924.535888671875, 174.53987121582,1,25
1210.72717285156, 955.662902832031, 174.539886474609,1,25
1225.19616699219, 973.752075195313, 174.53987121582,1,25
1239.20849609375, 986.940795898438, 174.539886474609,1,25
1260.90478515625, 996.066955566406, 174.53987121582,1,25
1279.75573730469, 1014.3271484375, 174.53987121582,1,25
1294.31884765625, 1029.98413085938, 174.53987121582,1,25
1313.64074707031, 1046.09814453125, 174.53987121582,1,25
1333.62036132813, 1063.05236816406, 174.539886474609,1,25
1351.93225097656, 1080.28430175781, 174.539886474609,1,25
1371.51989746094, 1096.7109375, 177.533416748047,1,25
1393.40966796875, 1116.35217285156, 184.490570068359,1,25
1412.38061523438, 1134.98413085938, 184.491546630859,1,25
1424.29064941406, 1149.09338378906, 184.491546630859,1,25
1428.57275390625, 1173.072265625, 185.157989501953,1,25
sleep=500
