TakeWPAdv=22
MonsterList=x1_SpeedKill_Gluttony|Ghoul_|FallenGrunt_A|FallenHound_B|FallenHound_A|FallenHound_c|FallenHound_D|sandWasp_A|FallenChampion_A|SandShark_A|sandWasp_B|Triune_Summonable_C|TriuneCultist_C|TriuneCultist_D|TriuneVessel_C|Triune_Summonable_D|Triune_Berserker_C|Triune_Berserker_B|TriuneSummoner_C|LacuniFemale_A|DuneDervish_B|FallenGrunt_B|Bloodhawk_A|snakeMan_Melee_A|snakeMan_Caster_A|FallenChampion_B|DuneDervish_A|FallenShaman_B|Khamsin_snakeman_melee|electricEel_A|FallenShaman_A_Unique_MiniPools|Goblin|Uber|DuneDervish|TriuneVesselActivated_C|TriuneCultist_C|TriuneCultist_D|Skeleton_
AutoBuff=True
attackrange=45
Sleep=500
1423.68896484375, 1165.91259765625, 184.491546630859,1,25
1417.50769042969, 1150.60046386719, 184.491546630859,1,25
1412.43310546875, 1137.73046875, 184.491546630859,1,25
1404.1201171875, 1124.30871582031, 184.491546630859,1,25
1391.47351074219, 1113.69616699219, 184.447189331055,1,25
1380.14953613281, 1104.28002929688, 181.636428833008,1,25
endsave()
1366.12182617188, 1093.24047851563, 175.305694580078,1,25
1353.59387207031, 1083.18249511719, 174.539886474609,1,25
1340.26586914063, 1073.43188476563, 174.539886474609,1,25
1327.55456542969, 1063.60607910156, 174.539886474609,1,25
1315.12170410156, 1052.74462890625, 174.539855957031,1,25
1303.73669433594, 1041.41345214844, 174.539855957031,1,25
1295.93408203125, 1031.72387695313, 174.539886474609,1,25
1307.76794433594, 1016.41748046875, 174.53987121582,1,25
1313.46337890625, 1003.07556152344, 174.53987121582,1,25
1322.64392089844, 992.890991210938, 174.539855957031,1,25
1338.30932617188, 989.802001953125, 174.53987121582,1,25
1356.44921875, 984.675964355469, 174.53987121582,1,25
1371.47888183594, 976.366882324219, 174.53987121582,1,25
1388.85681152344, 976.869934082031, 174.53987121582,1,25
1406.92236328125, 972.62841796875, 174.53987121582,1,25
1422.12573242188, 963.372009277344, 174.53987121582,1,25
1434.95654296875, 947.946228027344, 174.539886474609,1,25
1446.65246582031, 933.300720214844, 174.53987121582,1,25
1458.6328125, 920.096313476563, 174.53987121582,1,25
1470.56848144531, 909.571411132813, 174.53987121582,1,25
1474.21179199219, 892.830871582031, 174.53987121582,1,25
1467.75036621094, 876.827514648438, 174.53987121582,1,25
1459.88854980469, 861.32763671875, 174.539855957031,1,25
1455.01770019531, 844.176452636719, 174.539886474609,1,25
1451.61157226563, 824.386657714844, 174.53987121582,1,25
1449.73474121094, 805.795104980469, 174.53987121582,1,25
1463.6572265625, 797.7470703125, 174.632415771484,1,25
1467.26013183594, 809.539306640625, 174.739807128906,1,25
1468.9111328125, 824.610290527344, 174.739807128906,1,25
1475.97705078125, 843.250183105469, 174.679809570313,1,25
1487.78540039063, 857.609008789063, 174.53987121582,1,25
1501.02111816406, 866.181640625, 174.539886474609,1,25
1518.72827148438, 866.348815917969, 174.53987121582,1,25
1533.06787109375, 856.772216796875, 174.539855957031,1,25
1542.912109375, 841.004089355469, 174.706848144531,1,25
1547.48547363281, 822.830261230469, 174.53987121582,1,25
1549.70764160156, 804.288208007813, 174.53987121582,1,25
1547.17700195313, 787.993896484375, 174.53987121582,1,25
1537.61926269531, 772.005859375, 174.739807128906,1,25
1524.44262695313, 760.699645996094, 174.539855957031,1,25
1509.49084472656, 749.396545410156, 174.539855957031,1,25
1495.38220214844, 736.4384765625, 174.539886474609,1,25
1485.47583007813, 720.542419433594, 174.539886474609,1,25
1477.55554199219, 705.059509277344, 174.539901733398,1,25
1469.24340820313, 694.3466796875, 174.539901733398,1,25
1452.47387695313, 689.877075195313, 174.53987121582,1,25
1433.8798828125, 687.527648925781, 174.539886474609,1,25
1417.41528320313, 687.730834960938, 174.539855957031,1,25
1400.5888671875, 692.083557128906, 174.539886474609,1,25
1382.6240234375, 697.433532714844, 174.53987121582,1,25
1364.41943359375, 701.79052734375, 174.53987121582,1,25
1346.69897460938, 703.863464355469, 174.539886474609,1,25
1326.99340820313, 707.261108398438, 174.539886474609,1,25
1314.68566894531, 698.563903808594, 174.53987121582,1,25
1313.68273925781, 682.454956054688, 174.53987121582,1,25
1326.04919433594, 668.897338867188, 174.53987121582,1,25
1341.9873046875, 659.040893554688, 174.53987121582,1,25
1357.67504882813, 651.541625976563, 174.539886474609,1,25
1375.83288574219, 641.184448242188, 174.53987121582,1,25
1385.68127441406, 626.849914550781, 174.53987121582,1,25
1396.76306152344, 610.107116699219, 174.53987121582,1,25
1402.10705566406, 593.159973144531, 174.539901733398,1,25
1405.70056152344, 574.763366699219, 174.539901733398,1,25
1409.28942871094, 556.365295410156, 174.539901733398,1,25
1412.25427246094, 536.505065917969, 174.539901733398,1,25
1411.05712890625, 521.619262695313, 174.539901733398,1,25
1406.16748046875, 509.157043457031, 174.539901733398,1,25
1397.94580078125, 495.619567871094, 174.539901733398,1,25
1382.14465332031, 497.859588623047, 174.539901733398,1,25
1367.39196777344, 504.956359863281, 174.539901733398,1,25
1354.2578125, 519.973815917969, 174.539901733398,1,25
1340.42321777344, 530.534545898438, 174.539901733398,1,25
1327.35668945313, 540.631408691406, 174.539901733398,1,25
1311.33544921875, 540.828918457031, 174.53987121582,1,25
1297.67199707031, 531.564880371094, 174.539886474609,1,25
1280.53271484375, 524.400146484375, 174.53987121582,1,25
1264.22412109375, 532.449829101563, 174.53987121582,1,25
1265.48303222656, 548.894348144531, 174.53987121582,1,25
1273.86218261719, 565.63623046875, 174.53987121582,1,25
1278.53344726563, 583.594482421875, 174.539901733398,1,25
1276.14575195313, 603.480102539063, 174.539886474609,1,25
1266.33276367188, 620.817321777344, 174.53987121582,1,25
1258.92980957031, 637.046325683594, 174.53987121582,1,25
1250.30725097656, 650.541687011719, 174.53987121582,1,25
1236.65673828125, 665.271789550781, 174.539886474609,1,25
1225.67126464844, 682.012451171875, 174.539886474609,1,25
1216.31640625, 699.782836914063, 174.53987121582,1,25
1207.57385253906, 716.362487792969, 174.53987121582,1,25
1197.3427734375, 735.172302246094, 174.53987121582,1,25
1188.82287597656, 753.360168457031, 174.539886474609,1,25
1180.15270996094, 771.463806152344, 174.539886474609,1,25
1171.22766113281, 787.926696777344, 174.539886474609,1,25
1164.81091308594, 802.653503417969, 174.539886474609,1,25
1174.1376953125, 816.896545410156, 174.539886474609,1,25
1169.75512695313, 835.544616699219, 174.539886474609,1,25
1157.36560058594, 845.761169433594, 174.539886474609,1,25
1143.25329589844, 850.406188964844, 174.539886474609,1,25
1129.59606933594, 850.604125976563, 174.539886474609,1,25
1139.14111328125, 847.054992675781, 174.539886474609,1,25
1152.810546875, 861.717956542969, 174.539886474609,1,25
1165.95129394531, 874.89990234375, 174.539886474609,1,25
1174.31433105469, 891.017028808594, 174.539886474609,1,25
1181.77478027344, 908.901123046875, 174.539886474609,1,25
1192.7548828125, 918.907836914063, 174.539886474609,1,25
1197.16076660156, 936.148681640625, 174.539886474609,1,25
1197.14575195313, 954.411926269531, 174.53987121582,1,25
1195.11999511719, 973.044860839844, 174.539886474609,1,25
1190.73352050781, 988.928039550781, 174.539886474609,1,25
1185.18151855469, 1008.19250488281, 174.539886474609,1,25
1198.91870117188, 1015.08605957031, 174.539886474609,1,25
1216.45776367188, 1013.97076416016, 174.539855957031,1,25
1232.12915039063, 1010.43701171875, 174.53987121582,1,25
1250.50939941406, 1006.89807128906, 174.539886474609,1,25
1268.05004882813, 1009.9775390625, 174.53987121582,1,25
1277.1455078125, 1023.73602294922, 174.539855957031,1,25
1280.17456054688, 1043.56372070313, 174.539855957031,1,25
1291.72424316406, 1060.30688476563, 174.53987121582,1,25
1309.67419433594, 1055.69287109375, 174.539886474609,1,25
1326.80493164063, 1058.73510742188, 174.539886474609,1,25
1342.51953125, 1068.48767089844, 174.539886474609,1,25
1353.73999023438, 1081.56884765625, 174.539886474609,1,25
1367.12854003906, 1093.3759765625, 175.601196289063,1,25
1380.23120117188, 1104.81481933594, 181.762664794922,1,25
endsave()
1396.01940917969, 1117.15771484375, 184.491546630859,1,25
1409.68408203125, 1131.86889648438, 184.491546630859,1,25
1417.02038574219, 1165.25463867188, 184.491561889648,1,25
1412.93359375, 1155.01806640625, 184.491546630859,1,25
1420.10412597656, 1135.884765625, 184.491546630859,1,25
1428.37341308594, 1118.84008789063, 184.491546630859,1,25
1446.80871582031, 1110.98400878906, 184.491546630859,1,25
1463.30883789063, 1111.62707519531, 184.491546630859,1,25
1481.93212890625, 1115.41186523438, 184.491546630859,1,25
1499.0537109375, 1118.40893554688, 184.491546630859,1,25
1517.99108886719, 1125.16552734375, 184.491546630859,1,25
1534.9599609375, 1130.42041015625, 184.491546630859,1,25
1544.4287109375, 1143.951171875, 184.491546630859,1,25
1551.26281738281, 1162.90698242188, 186.491363525391,1,25
1557.19213867188, 1181.71936035156, 185.803848266602,1,25
1563.61694335938, 1199.53759765625, 184.491516113281,1,25
1563.53686523438, 1216.103515625, 184.491516113281,1,25
1559.29479980469, 1230.8115234375, 184.491546630859,1,25
1544.99743652344, 1237.74145507813, 184.491500854492,1,25
1521.82238769531, 1235.73229980469, 184.491561889648,1,25
1508.84912109375, 1236.55847167969, 184.491546630859,1,25
1495.76904296875, 1244.92663574219, 186.183944702148,1,25
1492.80908203125, 1262.27844238281, 184.491546630859,1,25
1485.52185058594, 1274.86242675781, 184.491546630859,1,25
1469.33276367188, 1273.73291015625, 186.491607666016,1,25
1453.87658691406, 1264.90832519531, 186.481048583984,1,25
1440.05065917969, 1258.1962890625, 184.885116577148,1,25
1423.0947265625, 1262.76281738281, 184.49186706543,1,25
1414.89489746094, 1281.15905761719, 185.25732421875,1,25
1400.1904296875, 1290.63269042969, 186.347778320313,1,25
1383.67565917969, 1292.31396484375, 185.358551025391,1,25
1367.04382324219, 1292.04370117188, 185.318786621094,1,25
1350.41638183594, 1291.6298828125, 184.881866455078,1,25
1332.99255371094, 1291.794921875, 184.881866455078,1,25
1316.36071777344, 1291.9736328125, 184.881866455078,1,25
1299.73876953125, 1292.55261230469, 184.881851196289,1,25
endsave()
1282.73889160156, 1293.10827636719, 184.528991699219,1,25
1264.99682617188, 1294.63366699219, 184.49169921875,1,25
1248.38928222656, 1295.19543457031, 184.49169921875,1,25
1231.76257324219, 1294.84155273438, 184.491683959961,1,25
1214.7392578125, 1294.54052734375, 184.491546630859,1,25
1200.28491210938, 1303.36828613281, 184.491577148438,1,25
1190.13452148438, 1317.931640625, 184.491546630859,1,25
1177.83178710938, 1329.66845703125, 184.491546630859,1,25
1177.69921875, 1347.60827636719, 184.491546630859,1,25
1163.30212402344, 1353.87121582031, 184.491546630859,1,25
1145.79650878906, 1360.25329589844, 184.491546630859,1,25
1128.68701171875, 1364.52624511719, 184.491546630859,1,25
1122.94836425781, 1378.93493652344, 184.491546630859,1,25
1134.58361816406, 1391.65295410156, 184.491546630859,1,25
1149.49914550781, 1401.37243652344, 184.491546630859,1,25
1163.49926757813, 1414.34753417969, 184.491561889648,1,25
1172.46118164063, 1430.17724609375, 184.49169921875,1,25
1176.87646484375, 1447.0244140625, 184.49169921875,1,25
1179.51257324219, 1464.59887695313, 184.49169921875,1,25
1177.93896484375, 1481.5546875, 184.49169921875,1,25
1175.97265625, 1498.86401367188, 184.49169921875,1,25
1172.19787597656, 1516.26953125, 184.49169921875,1,25
1164.61877441406, 1530.08801269531, 184.49169921875,1,25
1147.92590332031, 1535.93151855469, 184.491683959961,1,25
1131.96032714844, 1540.55249023438, 184.49169921875,1,25
1114.38879394531, 1539.84997558594, 184.489349365234,1,25
1096.79309082031, 1537.15966796875, 184.491683959961,1,25
1089.61755371094, 1521.04113769531, 184.49169921875,1,25
1087.3818359375, 1503.45812988281, 184.491683959961,1,25
1089.56604003906, 1486.28869628906, 184.49169921875,1,25
1096.33618164063, 1467.69140625, 184.491546630859,1,25
1100.23364257813, 1452.33984375, 184.49153137207,1,25
1107.359375, 1436.11059570313, 184.491546630859,1,25
1121.64733886719, 1421.00366210938, 184.49153137207,1,25
1134.06066894531, 1417.115234375, 184.491546630859,1,25