TakeWPAdv=22
MonsterList=Maghda|FallenGrunt_A|FallenHound_B|FallenHound_A|FallenHound_c|FallenHound_D|sandWasp_A|FallenChampion_A|SandShark_A|sandWasp_B|Triune_Summonable_C|TriuneCultist_C|TriuneCultist_D|TriuneVessel_C|Triune_Summonable_D|Triune_Berserker_C|Triune_Berserker_B|TriuneSummoner_C|Barricade|LacuniFemale_A|DuneDervish_B|FallenGrunt_B|Bloodhawk_A|snakeMan_Melee_A|snakeMan_Caster_A|FallenChampion_B|DuneDervish_A|FallenShaman_B|Khamsin_snakeman_melee|electricEel_A|FallenShaman_A_Unique_MiniPools|Goblin|uber_|Uber|DuneDervish|TriuneVesselActivated_C|TriuneCultist_C|TriuneCultist_D
AutoBuff=True
attackrange=40
Sleep=500
1394.80212402344, 1116.14111328125, 184.49137878418,1,25
1423.94067382813, 1163.82885742188, 184.491546630859,1,25
1419.43212890625, 1141.12854003906, 184.491546630859,1,25
1427.52221679688, 1119.07067871094, 184.491546630859,1,25
1442.62976074219, 1101, 184.49153137207,1,25
1463.49462890625, 1101.56311035156, 184.491546630859,1,25
1484.48315429688, 1107.11840820313, 184.491546630859,1,25
1508.12683105469, 1103.00634765625, 184.491546630859,1,25
1529.181640625, 1113.6025390625, 184.491546630859,1,25
1537.98217773438, 1133.42199707031, 184.491546630859,1,25
1537.70629882813, 1161.85852050781, 186.465148925781,1,25
1526.18566894531, 1182.19372558594, 185.614135742188,1,25
1502.40612792969, 1193.81506347656, 186.491561889648,1,25
1483.38562011719, 1205.89331054688, 185.84880065918,1,25
1478.99975585938, 1230.1552734375, 186.491241455078,1,25
1483.54406738281, 1253.73828125, 186.491592407227,1,25
1491.34838867188, 1271.76306152344, 184.491546630859,1,25
1473.75024414063, 1289.50158691406, 184.491546630859,1,25
1448.19775390625, 1291.78894042969, 186.491577148438,1,25
1425.35534667969, 1290.89685058594, 186.491546630859,1,25
1399.95764160156, 1293.05981445313, 186.421691894531,1,25
1373.92724609375, 1292.94079589844, 185.318786621094,1,25
1348.3779296875, 1293.40979003906, 184.881866455078,1,25
1322.82922363281, 1292.85388183594, 184.881866455078,1,25
endsave()
1297.28674316406, 1292.12927246094, 184.881866455078,1,25
1272.70520019531, 1291.50817871094, 184.491683959961,1,25
1242.8173828125, 1290.98681640625, 184.491577148438,1,25
1214.85815429688, 1291.60546875, 184.491546630859,1,25
1193.97534179688, 1303.78479003906, 184.491546630859,1,25
1183.53234863281, 1326.93920898438, 184.491546630859,1,25
1174.63708496094, 1351.64758300781, 184.491561889648,1,25
1154.36499023438, 1368.74328613281, 184.491546630859,1,25
1137.01599121094, 1386.72778320313, 184.491546630859,1,25
1122.72509765625, 1408.22900390625, 184.491546630859,1,25
1108.5302734375, 1430.5048828125, 184.491546630859,1,25
1090.70874023438, 1452.05944824219, 184.491546630859,1,25
1079.32653808594, 1475.54162597656, 184.491546630859,1,25
1081.71325683594, 1498.9208984375, 184.491714477539,1,25
1100.67797851563, 1547.60241699219, 184.49169921875,1,25
1113.21826171875, 1550.25390625, 184.49169921875,1,25
1130.85961914063, 1544.43481445313, 184.49169921875,1,25
1148.42309570313, 1538.28869628906, 184.491683959961,1,25
1166.91967773438, 1527.80480957031, 184.49169921875,1,25
1174.97607421875, 1511.89282226563, 184.49169921875,1,25
1179.19226074219, 1493.17517089844, 184.49169921875,1,25
1181.20690917969, 1473.20275878906, 184.49169921875,1,25
1181.82409667969, 1454.91845703125, 184.49169921875,1,25
1177.68176269531, 1436.32995605469, 184.491683959961,1,25
1164.15979003906, 1421.630859375, 184.491668701172,1,25
1145.73913574219, 1414.98400878906, 184.491546630859,1,25
1126.89001464844, 1418.90795898438, 184.491546630859,1,25
1111.22387695313, 1432.06518554688, 184.491546630859,1,25
1101.97143554688, 1448.24621582031, 184.491546630859,1,25
1094.74145507813, 1466.98413085938, 184.491546630859,1,25
1089.68713378906, 1485.42822265625, 184.49169921875,1,25
1087.9892578125, 1504.98376464844, 184.491668701172,1,25
1087.30432128906, 1526.36584472656, 184.49169921875,1,25
1073.71667480469, 1538.2099609375, 184.540008544922,1,25
1056.35998535156, 1538.93054199219, 187.559844970703,1,25
1038.33740234375, 1536.70434570313, 195.381072998047,1,25
1020.36248779297, 1531.41613769531, 197.237045288086,1,25
1000.99133300781, 1528.22106933594, 197.255889892578,1,25
986.99951171875, 1516.0234375, 197.255874633789,1,25
981.726745605469, 1497.74194335938, 197.255889892578,1,25
979.739562988281, 1477.75842285156, 197.255889892578,1,25
979.89306640625, 1458.62145996094, 197.255889892578,1,25
982.689453125, 1440.5419921875, 197.255889892578,1,25
984.41552734375, 1422.78112792969, 197.255889892578,1,25
986.712036132813, 1402.39465332031, 197.255889892578,1,25
988.865173339844, 1385.58154296875, 197.255889892578,1,25
988.497253417969, 1365.0595703125, 197.255889892578,1,25
989.248779296875, 1344.60290527344, 197.255889892578,1,25
1009.54376220703, 1316.36120605469, 197.323303222656,1,25
1024.44152832031, 1305.30065917969, 197.319351196289,1,25
1010.26373291016, 1290.82849121094, 197.318908691406,1,25
993.554565429688, 1278.998046875, 197.255859375,1,25
975.534545898438, 1271.24365234375, 197.255920410156,1,25
956.510864257813, 1268.99523925781, 197.255889892578,1,25
937.226013183594, 1265.81774902344, 197.255889892578,1,25
921.317260742188, 1253.88073730469, 196.870666503906,1,25
909.919494628906, 1235.74304199219, 196.870666503906,1,25
endsave()
892.298034667969, 1213.17736816406, 196.870666503906,1,25
offsetlist()
sleep=500
InteractBossPortal=Boss_Portal_Maghda
sleep=1000
UsePath=false
attackrange=65
offsetlist()
attackrange=65
usepath=false
269.5625, 199.048904418945, 0.100000001490116,1,25
261.53369140625, 199.309280395508, 0.100000001490116,1,25
250.382369995117, 199.670928955078, 0.100000001490116,1,25
230.755722045898, 200.307418823242, 0.100000001490116,1,25
209.315460205078, 202.733200073242, 0.100000001490116,1,25
sleep=2500
closewindows()
sleep=1500
186.95491027832, 205.054122924805, 0.100000001490116,1,25
198.849090576172, 208.047790527344, 0.100000001490116,1,25
206.888595581055, 200.976303100586, 0.100000001490116,1,25
202.436569213867, 189.21174621582, 0.100000001490116,1,25
188.029342651367, 187.797210693359, 0.100000001490116,1,25
180.919006347656, 196.386306762695, 0.100000008940697,1,25
187.947937011719, 208.178070068359, 0.100000001490116,1,25
199.11653137207, 210.348403930664, 0.0999999940395355,1,25
194.583984375, 196.626403808594, 0.100000008940697,1,25
191.370986938477, 185.11018371582, 0.100000008940697,1,25
189.380798339844, 206.072296142578, 0.100000001490116,1,25
181.541290283203, 205.649597167969, 0.0999999940395355,1,25
179.180206298828, 197.801391601563, 0.0999999940395355,1,25
200.689361572266, 196.062210083008, 0.100000001490116,1,25
203.40251159668, 206.598693847656, 0.100000008940697,1,25
188.276550292969, 213.653472900391, 0.100000001490116,1,25
182.996185302734, 196.16242980957, 0.100000001490116,1,25
198.43782043457, 191.339279174805, 0.0999999940395355,1,25
193.295791625977, 207.409378051758, 0.0999999940395355,1,25
sleep=2500
184.215087890625, 204.074584960938, 0.100000001490116,1,25
182.196228027344, 191.844482421875, 0.100000001490116,1,25
184.215087890625, 204.074584960938, 0.100000001490116,1,25
182.196228027344, 191.844482421875, 0.100000001490116,1,25