TakeWPAdv=22
MonsterList=Scavenger_C|LacuniMale_A|FallenShaman_A|x1_SpeedKill_Gluttony|Ghoul_|FallenGrunt_A|FallenHound_B|FallenHound_A|FallenHound_c|FallenHound_D|sandWasp_A|FallenChampion_A|SandShark_A|sandWasp_B|Triune_Summonable_C|TriuneCultist_C|TriuneCultist_D|TriuneVessel_C|Triune_Summonable_D|Triune_Berserker_C|Triune_Berserker_B|TriuneSummoner_C|LacuniFemale_A|DuneDervish_B|FallenGrunt_B|Bloodhawk_A|snakeMan_Melee_A|snakeMan_Caster_A|FallenChampion_B|DuneDervish_A|FallenShaman_B|Khamsin_snakeman_melee|electricEel_A|FallenShaman_A_Unique_MiniPools|Goblin|Uber|DuneDervish|TriuneVesselActivated_C|TriuneCultist_C|TriuneCultist_D|Skeleton_
AutoBuff=True
attackrange=45
Sleep=500
1428.53198242188, 1176.16540527344, 185.984344482422,1,25
1423.5888671875, 1160.93786621094, 184.491546630859,1,25
1419.95520019531, 1146.294921875, 184.491546630859,1,25
1410.28991699219, 1131.83874511719, 184.491546630859,1,25
1396.38391113281, 1118.64404296875, 184.491546630859,1,25
1382.34533691406, 1106.22314453125, 182.51106262207,1,25
endsave()
1368.8330078125, 1095.25317382813, 176.368591308594,1,25
1355.96179199219, 1083.54797363281, 174.539886474609,1,25
1344.60363769531, 1071.56298828125, 174.539886474609,1,25
1332.63012695313, 1058.93273925781, 174.539886474609,1,25
1321.38244628906, 1046.84545898438, 174.53987121582,1,25
1309.88049316406, 1033.78198242188, 174.53987121582,1,25
1294.69604492188, 1031.78747558594, 174.539886474609,1,25
1279.63562011719, 1041.36315917969, 174.53987121582,1,25
1265.64428710938, 1049.24499511719, 174.539886474609,1,25
1249.642578125, 1046.15710449219, 174.53987121582,1,25
1241.01550292969, 1032.24255371094, 174.53987121582,1,25
1235.84875488281, 1015.62524414063, 174.53987121582,1,25
1224.16967773438, 1002.78723144531, 174.53987121582,1,25
1208.11987304688, 1004.64593505859, 174.53987121582,1,25
1192.53039550781, 1012.38586425781, 174.539886474609,1,25
1178.85900878906, 1005.71801757813, 174.753952026367,1,25
1177.43005371094, 991.106872558594, 174.753890991211,1,25
1184.7451171875, 973.9384765625, 174.539886474609,1,25
1188.74267578125, 956.65771484375, 174.539886474609,1,25
1189.70275878906, 937.942077636719, 174.539886474609,1,25
1190.28283691406, 921.886657714844, 174.539886474609,1,25
1186.79846191406, 900.898315429688, 174.539886474609,1,25
1190.13586425781, 885.941650390625, 174.539886474609,1,25
1179.33142089844, 874.384887695313, 174.539886474609,1,25
1160.953125, 870.88427734375, 174.539886474609,1,25
1142.32690429688, 868.7900390625, 174.539886474609,1,25
1125.64636230469, 864.662780761719, 174.539886474609,1,25
1132.13195800781, 847.897277832031, 174.539886474609,1,25
1144.56274414063, 835.088928222656, 174.539886474609,1,25
1156.97351074219, 822.886840820313, 174.539886474609,1,25
1168.50537109375, 809.882629394531, 174.539886474609,1,25
1177.1484375, 794.273254394531, 174.539886474609,1,25
1182.7294921875, 779.219848632813, 174.539886474609,1,25
1187.15698242188, 761.011108398438, 174.539886474609,1,25
1192.23986816406, 741.592102050781, 174.539886474609,1,25
1200.45666503906, 721.82421875, 174.539886474609,1,25
1218.39733886719, 691.6982421875, 174.53987121582,1,25
1231.26831054688, 684.821228027344, 174.53987121582,1,25
1239.439453125, 672.673950195313, 174.53987121582,1,25
1251.54907226563, 661.595458984375, 174.53987121582,1,25
1258.48791503906, 643.340942382813, 174.53987121582,1,25
1262.23461914063, 625.040466308594, 174.53987121582,1,25
1269.88549804688, 607.09033203125, 174.539901733398,1,25
1277.25036621094, 595.508056640625, 174.539901733398,1,25
1273.05456542969, 577.355773925781, 174.539901733398,1,25
1267.48522949219, 561.828552246094, 174.539855957031,1,25
1260.0146484375, 546.431945800781, 174.53987121582,1,25
1268.61267089844, 531.742248535156, 174.539855957031,1,25
1285.68640136719, 527.111206054688, 174.53987121582,1,25
1304.37316894531, 527.074462890625, 174.53987121582,1,25
1322.90307617188, 529.856262207031, 174.539901733398,1,25
1342.05395507813, 525.002075195313, 174.539916992188,1,25
1359.16882324219, 521.8701171875, 174.539901733398,1,25
1377.12536621094, 516.564147949219, 174.539901733398,1,25
1396.580078125, 520.10693359375, 174.539916992188,1,25
1409.31091308594, 533.229919433594, 174.539901733398,1,25
1409.65051269531, 549.693237304688, 174.539916992188,1,25
1408.57946777344, 570.63525390625, 174.539901733398,1,25
1405.0751953125, 588.136535644531, 174.539916992188,1,25
1401.61669921875, 605.194274902344, 174.53987121582,1,25
1395.17687988281, 620.357788085938, 174.539886474609,1,25
1384.80773925781, 634.327941894531, 174.53987121582,1,25
1372.55798339844, 644.700317382813, 174.563568115234,1,25
1357.5908203125, 651.574279785156, 174.539901733398,1,25
1339.25280761719, 655.302429199219, 174.53987121582,1,25
1319.9248046875, 660.555786132813, 174.53987121582,1,25
1317.05969238281, 679.291259765625, 174.53987121582,1,25
1324.7705078125, 694.348815917969, 174.53987121582,1,25
1339.97692871094, 704.887145996094, 174.53987121582,1,25
1357.38488769531, 711.688598632813, 174.539886474609,1,25
1377.21765136719, 711.493835449219, 174.53987121582,1,25
1396.44921875, 705.699401855469, 174.53987121582,1,25
1414.82604980469, 700.162475585938, 174.53987121582,1,25
1430.58618164063, 694.062561035156, 174.53987121582,1,25
1447.28088378906, 692.461303710938, 174.53987121582,1,25
1462.95654296875, 702.737487792969, 174.539886474609,1,25
1477.453125, 714.61669921875, 174.539901733398,1,25
1490.236328125, 728.868286132813, 174.53987121582,1,25
1501.6953125, 741.885986328125, 174.53987121582,1,25
1512.20751953125, 755.75537109375, 174.53987121582,1,25
1526.51953125, 769.826110839844, 174.739807128906,1,25
1537.35705566406, 786.71044921875, 174.739807128906,1,25
1543.55236816406, 807.074035644531, 174.655639648438,1,25
1547.50817871094, 825.238830566406, 174.53987121582,1,25
1541.97375488281, 843.10693359375, 174.691284179688,1,25
1533.9560546875, 860.031921386719, 174.53987121582,1,25
1517.28466796875, 865.721618652344, 174.53987121582,1,25
1502.4794921875, 862.855102539063, 174.539855957031,1,25
1487.7216796875, 847.583984375, 174.53987121582,1,25
1476.9384765625, 835.67822265625, 174.739807128906,1,25
1466.5390625, 821.223266601563, 174.739807128906,1,25
1461.72412109375, 803.164978027344, 174.53987121582,1,25
1459.66418457031, 787.329711914063, 174.53987121582,1,25
1444.51037597656, 787.639526367188, 174.53987121582,1,25
1443.24621582031, 806.913940429688, 174.53987121582,1,25
1444.59484863281, 822.024780273438, 174.539855957031,1,25
1448.27160644531, 840.386413574219, 174.53987121582,1,25
1452.78088378906, 857.627075195313, 174.53987121582,1,25
1458.76721191406, 875.35693359375, 174.53987121582,1,25
1466.06494140625, 892.61669921875, 174.53987121582,1,25
1467.67590332031, 911.266174316406, 174.53987121582,1,25
1459.65625, 927.355224609375, 174.53987121582,1,25
1448.53308105469, 939.474731445313, 174.53987121582,1,25
1438.01989746094, 953.345336914063, 174.53987121582,1,25
1424.66723632813, 960.454223632813, 174.53987121582,1,25
1408.17907714844, 965.939270019531, 174.53987121582,1,25
1391.55358886719, 971.087341308594, 174.53987121582,1,25
1373.94897460938, 977.496643066406, 174.53987121582,1,25
1356.67248535156, 981.89453125, 174.53987121582,1,25
1338.03796386719, 983.841918945313, 174.53987121582,1,25
1323.02880859375, 991.251342773438, 174.53987121582,1,25
1315.38146972656, 1007.84246826172, 174.53987121582,1,25
1320.09484863281, 1025.96728515625, 174.53987121582,1,25
1324.96545410156, 1044.0654296875, 174.53987121582,1,25
1331.59973144531, 1060.60803222656, 174.539886474609,1,25
1341.13073730469, 1075.08703613281, 174.539886474609,1,25
1353.77282714844, 1087.68676757813, 174.539886474609,1,25
1368.90026855469, 1098.70812988281, 177.331192016602,1,25
1386.24853515625, 1108.81823730469, 183.54328918457,1,25
endsave()
1400.67443847656, 1120.67858886719, 184.491546630859,1,25
1431.50903320313, 1147.78930664063, 184.491546630859,1,25
1424.65112304688, 1176.13610839844, 185.910125732422,1,25
1417.41333007813, 1163.98999023438, 184.491561889648,1,25
1415.36535644531, 1145.103515625, 184.491546630859,1,25
1424.34118652344, 1128.42126464844, 184.491546630859,1,25
1435.33813476563, 1113.47216796875, 184.491546630859,1,25
1448.30578613281, 1101.44677734375, 184.491546630859,1,25
1464.30834960938, 1106.85461425781, 184.491546630859,1,25
1478.0478515625, 1118.13635253906, 184.491546630859,1,25
1495.1376953125, 1118.51672363281, 184.49153137207,1,25
1516.78942871094, 1120.84899902344, 184.491546630859,1,25
1532.85925292969, 1126.41845703125, 184.491546630859,1,25
1543.74645996094, 1138.47265625, 184.491546630859,1,25
1549.66589355469, 1155.26831054688, 186.3974609375,1,25
1560.49145507813, 1167.60424804688, 186.491577148438,1,25
1568.2724609375, 1180.279296875, 184.491577148438,1,25
1566.64440917969, 1197.72045898438, 184.49153137207,1,25
1559.42578125, 1212.70239257813, 184.49153137207,1,25
1548.21716308594, 1228.98449707031, 184.491561889648,1,25
1541.37243652344, 1245.35913085938, 184.491546630859,1,25
1526.00048828125, 1255.23095703125, 184.491546630859,1,25
1513.01306152344, 1247.13928222656, 184.49153137207,1,25
1497.96484375, 1235.52746582031, 185.305709838867,1,25
1481.50402832031, 1230.94494628906, 186.491577148438,1,25
1469.34521484375, 1243.75219726563, 186.490737915039,1,25
1459.25256347656, 1254.85986328125, 186.4326171875,1,25
1441.49694824219, 1254.54467773438, 184.590194702148,1,25
1430.38781738281, 1266.82067871094, 184.979415893555,1,25
1426.16528320313, 1284.13159179688, 186.229919433594,1,25
1414.669921875, 1291.68725585938, 186.491149902344,1,25
1396.06066894531, 1291.81555175781, 186.001922607422,1,25
1379.43359375, 1292.15405273438, 185.356903076172,1,25
1362.8017578125, 1291.88671875, 185.318786621094,1,25
1343.7939453125, 1291.73742675781, 184.881866455078,1,25
1325.98010253906, 1292.04211425781, 184.881866455078,1,25
1299.18530273438, 1291.78100585938, 184.881866455078,1,25
endsave()
1291.63110351563, 1290.37145996094, 184.881866455078,1,25
1275.14575195313, 1292.56970214844, 184.49169921875,1,25
1257.51123046875, 1295.14831542969, 184.49169921875,1,25
1240.97790527344, 1296.61926269531, 184.49169921875,1,25
1224.14953613281, 1291.00341796875, 184.491577148438,1,25
1207.83666992188, 1283.83093261719, 184.491546630859,1,25
1192.26953125, 1278.79931640625, 184.675155639648,1,25
1189.62036132813, 1295.60986328125, 184.491561889648,1,25
1188.49279785156, 1314.123046875, 184.491546630859,1,25
1184.83764648438, 1331.54870605469, 184.491546630859,1,25
1181.888671875, 1346.69348144531, 184.491546630859,1,25
1170.44079589844, 1359.29541015625, 184.491546630859,1,25
1154.08374023438, 1363.9287109375, 184.491546630859,1,25
1136.62731933594, 1367.49230957031, 184.491546630859,1,25
1121.67749023438, 1378.20788574219, 184.491546630859,1,25
1115.55334472656, 1394.7841796875, 184.491546630859,1,25
1111.47229003906, 1410.90844726563, 184.491546630859,1,25
1108.78991699219, 1429.70495605469, 184.491546630859,1,25
1102.1708984375, 1446.10607910156, 184.491546630859,1,25
1093.84753417969, 1460.47985839844, 184.491546630859,1,25
1089.45202636719, 1477.67785644531, 184.491668701172,1,25
1088.56726074219, 1494.27368164063, 184.49169921875,1,25
1089.94299316406, 1512.03979492188, 184.49169921875,1,25
1091.79699707031, 1529.76416015625, 184.49169921875,1,25
1097.36499023438, 1546.43920898438, 184.49169921875,1,25
1113.12524414063, 1549.95202636719, 184.49169921875,1,25
1129.66845703125, 1540.88146972656, 184.49169921875,1,25
1146.8076171875, 1531.64794921875, 184.49169921875,1,25
1161.75903320313, 1526.72180175781, 184.49169921875,1,25
1174.68566894531, 1513.95788574219, 184.49169921875,1,25
1175.93798828125, 1497.45751953125, 184.49169921875,1,25
1176.66223144531, 1477.28833007813, 184.49169921875,1,25
1178.34997558594, 1459.54956054688, 184.49169921875,1,25
1174.51501464844, 1442.2666015625, 184.49169921875,1,25
1167.95520019531, 1426.9853515625, 184.49169921875,1,25
1160.71887207031, 1410.70178222656, 184.491561889648,1,25