TakeWPAdv=25
MonsterList=ZoltunKulle|sandMonster_A_Eternal_Guardian_ZoltBoss|FallenGrunt_A|sandWasp_A|FallenChampion_A|SandShark_A|sandWasp_B|Triune_Summonable_C|TriuneCultist_C|TriuneCultist_D|TriuneVessel_C|Triune_Summonable_D|Triune_Berserker_C|TriuneSummoner_C|caOut_StingingWinds_Barricade_A|LacuniFemale_A|DuneDervish_B|FallenGrunt_B|Bloodhawk_A|snakeMan_Melee_A|snakeMan_Caster_A|FallenChampion_B|DuneDervish_A|FallenShaman_B|Khamsin_snakeman_melee|electricEel_A|FallenShaman_A_Unique_MiniPools|CaOut_Oasis_Barrel_Breakable_A|DuneDervish|TriuneVesselActivated_C|Triune_Berserker_B|
AutoBuff=True
attackrange=55
UsePath=false
781.424926757813, 680.3076171875, 0.100002862513065,1,25
765.358520507813, 680.1318359375, 0.100002869963646,1,25
747.953247070313, 679.94140625, 0.100002862513065,1,25
730.106018066406, 680.233154296875, 0.100002862513065,1,25
712.946655273438, 678.366088867188, -0.315671682357788,1,25
695.825378417969, 676.244812011719, -11.7247543334961,1,25
685.089965820313, 680.350524902344, -12.4063673019409,1,25
675.373901367188, 694.709716796875, -12.6143007278442,1,25
663.712463378906, 706.060119628906, -12.6143016815186,1,25
650.049072265625, 709.997009277344, -12.6143016815186,1,25
632.898559570313, 704.257934570313, -12.334020614624,1,25
621.363586425781, 690.1708984375, -12.3531799316406,1,25
endsave()
622.302734375, 677.149658203125, -11.9827175140381,1,25
sleep=500
offsetlist()
sleep=500
InteractBossPortal=Boss_Portal_Blacksoulstone
sleep=3000
UsePath=false
offsetlist()
185.564636230469, 113.60865020752, 0.99992424249649,1,25
170.074737548828, 128.326507568359, 0.100001819431782,1,25
154.403686523438, 146.040100097656, 0.100001811981201,1,25
135.997497558594, 160.609954833984, 0.100001908838749,1,25
104.495079040527, 165.046768188477, 0.100001432001591,1,25
sleep=2000
closewindows()
sleep=2000
97.0452499389648, 165.024688720703, 0.100001432001591,1,25
77.2625122070313, 150.667846679688, 0.100001432001591,1,25
91.156135559082, 152.368637084961, 0.100001901388168,1,25
98.1303024291992, 162.816833496094, 0.100001432001591,1,25
92.7648086547852, 139.429306030273, 0.100002303719521,1,25
113.796684265137, 159.900695800781, 0.196385934948921,1,25
85.9291458129883, 161.317276000977, 0.100001432001591,1,25
111.826393127441, 160.280517578125, 0.300248026847839,1,25
sleep=2000
97.0452499389648, 165.024688720703, 0.100001432001591,1,25
77.2625122070313, 150.667846679688, 0.100001432001591,1,25
91.156135559082, 152.368637084961, 0.100001901388168,1,25
98.1303024291992, 162.816833496094, 0.100001432001591,1,25
92.7648086547852, 139.429306030273, 0.100002303719521,1,25
113.796684265137, 159.900695800781, 0.196385934948921,1,25
85.9291458129883, 161.317276000977, 0.100001432001591,1,25
111.826393127441, 160.280517578125, 0.300248026847839,1,25