TakeWPAdv=21
MonsterList=FallenGrunt_A|FallenShaman_A|sandWasp_A|FallenChampion_A|Goblin|Uber|FallenHound_B|FallenHound_A|FallenHound_c|FallenHound_D|SandShark_A|SandShark_B|SandShark_|sandWasp_B|Triune_Summonable_C|TriuneCultist_C|TriuneCultist_D|TriuneVessel_C|Triune_Summonable_D|Triune_Berserker_C|Triune_Berserker_B|TriuneSummoner_C|caOut_StingingWinds_Barricade_A|LacuniFemale_A|DuneDervish_B|FallenGrunt_B|Bloodhawk_A|snakeMan_Melee_A|snakeMan_Caster_A|FallenChampion_B|DuneDervish_A|FallenShaman_B|Khamsin_snakeman_melee|electricEel_A|FallenShaman_A_Unique_MiniPools|DuneDervish|FallenLunatic_A|Skeleton_
DecorList=Bone|Rock
AutoBuff=True
attackrange=45
Sleep=500
1436.52001953125, 308.4052734375, 174.539886474609,1,25
1447.49670410156, 317.477325439453, 173.412353515625,1,25
1455.83935546875, 330.72509765625, 167.685394287109,1,25
1458.43286132813, 347.546966552734, 161.461868286133,1,25
1462.15319824219, 362.519927978516, 158.904907226563,1,25
1467.75354003906, 373.86572265625, 158.799819946289,1,25
1476.49157714844, 386.598297119141, 158.799835205078,1,25
1484.32983398438, 397.050811767578, 158.806030273438,1,25
1493.82751464844, 407.678436279297, 158.805938720703,1,25
1503.77075195313, 417.889251708984, 158.805969238281,1,25
1514.72265625, 427.615081787109, 158.805953979492,1,25
1525.27514648438, 438.340667724609, 158.805923461914,1,25
1537.25354003906, 446.697845458984, 158.805938720703,1,25
1552.20947265625, 451.820495605469, 158.805938720703,1,25
1566.42321777344, 452.898895263672, 158.805938720703,1,25
1581.35583496094, 454.304565429688, 158.805938720703,1,25
1595.15808105469, 454.712524414063, 158.805953979492,1,25
1610.62194824219, 458.153686523438, 158.805938720703,1,25
1626.13012695313, 461.335540771484, 158.805938720703,1,25
1639.97668457031, 461.242523193359, 158.805923461914,1,25
1652.78576660156, 457.145202636719, 158.805938720703,1,25
1667.04455566406, 449.670043945313, 158.805938720703,1,25
1678.15600585938, 439.522705078125, 158.805999755859,1,25
1685.64001464844, 428.919647216797, 158.806442260742,1,25
1693.59399414063, 416.616546630859, 158.806411743164,1,25
1705.61181640625, 408.015533447266, 158.806411743164,1,25
1712.3759765625, 397.121459960938, 158.806411743164,1,25
1722.001953125, 384.211029052734, 158.806427001953,1,25
1737.58630371094, 388.356719970703, 158.806427001953,1,25
1752.86462402344, 392.310272216797, 158.806396484375,1,25
1767.20385742188, 387.869506835938, 158.815155029297,1,25
1782.08044433594, 383.722534179688, 158.812942504883,1,25
1796.12683105469, 379.559539794922, 158.806442260742,1,25
1810.58288574219, 375.381317138672, 159.25700378418,1,25
1823.93408203125, 371.662567138672, 159.556259155273,1,25
1839.71105957031, 367.855987548828, 159.561050415039,1,25
1852.92016601563, 372.32080078125, 158.806442260742,1,25
1851.63623046875, 385.663116455078, 158.806442260742,1,25
1849.49426269531, 399.756896972656, 158.806442260742,1,25
1850.32739257813, 413.502807617188, 158.806427001953,1,25
1856.525390625, 427.61328125, 158.806442260742,1,25
1866.03344726563, 439.258666992188, 159.129638671875,1,25
1878.40515136719, 448.298492431641, 158.848968505859,1,25
1890.84191894531, 455.265441894531, 158.806442260742,1,25
1901.517578125, 463.406188964844, 158.806427001953,1,25
1911.92419433594, 475.260894775391, 158.806442260742,1,25
1918.59606933594, 487.844757080078, 158.806167602539,1,25
1922.49963378906, 501.826690673828, 158.806442260742,1,25
1919.87744140625, 516.204650878906, 158.806411743164,1,25
1915.01452636719, 531.270690917969, 158.805953979492,1,25
1911.05236816406, 545.755249023438, 158.805953979492,1,25
1909.11975097656, 560.275634765625, 158.807571411133,1,25
1908.27978515625, 574.109985351563, 159.007904052734,1,25
1907.7841796875, 589.533874511719, 159.084350585938,1,25
1908.97729492188, 604.518859863281, 158.809524536133,1,25
1917.6748046875, 605.991271972656, 158.80598449707,1,25
1916.74841308594, 591.442810058594, 158.805953979492,1,25
1920.30786132813, 576.474060058594, 158.806411743164,1,25
1926.49011230469, 564.560607910156, 158.759353637695,1,25
1937.87316894531, 556.427673339844, 158.761383056641,1,25
1953.03271484375, 553.782836914063, 158.749237060547,1,25
1969.36938476563, 550.81884765625, 158.904571533203,1,25
1959.79357910156, 541.74267578125, 158.806427001953,1,25
1946.72583007813, 532.830017089844, 158.806442260742,1,25
1937.212890625, 521.749755859375, 158.806442260742,1,25
1926.85192871094, 509.776916503906, 158.806427001953,1,25
1919.9404296875, 497.818542480469, 158.806427001953,1,25
1915.16625976563, 483.154235839844, 158.805953979492,1,25
1912.69665527344, 469.524719238281, 158.806442260742,1,25
1912.67468261719, 455.291595458984, 158.806457519531,1,25
1914.56103515625, 440.370971679688, 158.806457519531,1,25
1917.49389648438, 426.422058105469, 158.806442260742,1,25
1922.31335449219, 413.875793457031, 158.806442260742,1,25
1930.462890625, 398.927093505859, 158.806442260742,1,25
1940.31420898438, 387.107879638672, 159.006423950195,1,25
1952.81518554688, 377.380615234375, 158.806427001953,1,25
1965.14392089844, 368.080749511719, 158.806442260742,1,25
1978.005859375, 361.395721435547, 158.806457519531,1,25
1992.45910644531, 367.328094482422, 158.806427001953,1,25
2003.14855957031, 374.817932128906, 158.806442260742,1,25
2009.67578125, 388.290802001953, 159.006423950195,1,25
2014.71569824219, 402.470916748047, 158.829177856445,1,25
2020.01916503906, 417.192260742188, 158.918228149414,1,25
2020.45971679688, 432.226257324219, 158.918243408203,1,25
2015.68713378906, 446.455963134766, 158.821823120117,1,25
2008.96997070313, 460.792419433594, 159.006423950195,1,25
2000.685546875, 471.879333496094, 158.918228149414,1,25
1990.63549804688, 480.359527587891, 158.918228149414,1,25
1978.33850097656, 488.753814697266, 158.918060302734,1,25
1963.85656738281, 491.665985107422, 159.678436279297,1,25
1949.67687988281, 490.473999023438, 159.584884643555,1,25
1936.08508300781, 487.762054443359, 158.806442260742,1,25
1919.16662597656, 488.006256103516, 158.806274414063,1,25
1905.70190429688, 484.788635253906, 158.805953979492,1,25
1891.75439453125, 482.087371826172, 158.805953979492,1,25
1877.13159179688, 481.260955810547, 158.805953979492,1,25
1862.89538574219, 482.024078369141, 158.805953979492,1,25
1848.61157226563, 484.983734130859, 158.805953979492,1,25
1834.41735839844, 489.978485107422, 158.760070800781,1,25
1819.78002929688, 493.41162109375, 158.761901855469,1,25
1805.10998535156, 490.452850341797, 158.805953979492,1,25
1790.91577148438, 491.425476074219, 158.805953979492,1,25
1776.92321777344, 488.865753173828, 158.805953979492,1,25
1762.47790527344, 484.65185546875, 158.805953979492,1,25
1748.33630371094, 480.932159423828, 158.805953979492,1,25
1734.49267578125, 481.201141357422, 158.805953979492,1,25
1719.52416992188, 482.705871582031, 158.805953979492,1,25
1704.59265136719, 484.542694091797, 158.805938720703,1,25
1691.748046875, 488.346618652344, 158.805953979492,1,25
1678.7470703125, 498.320343017578, 158.805923461914,1,25
1674.71411132813, 511.562744140625, 158.805908203125,1,25
1666.88525390625, 522.382019042969, 158.805938720703,1,25
1652.83312988281, 527.396118164063, 158.805938720703,1,25
1639.77209472656, 521.95166015625, 158.805938720703,1,25
1627.22827148438, 513.073486328125, 158.805938720703,1,25
1614.33032226563, 506.998046875, 158.805938720703,1,25
1600.36730957031, 500.396911621094, 158.805938720703,1,25
1588.27099609375, 494.483642578125, 158.805938720703,1,25
1573.9169921875, 487.787048339844, 158.805938720703,1,25
1560.38586425781, 483.384521484375, 158.805938720703,1,25
1546.49182128906, 480.439727783203, 158.805938720703,1,25
1531.85632324219, 480.132904052734, 158.805938720703,1,25
1519.61181640625, 484.07958984375, 158.805938720703,1,25
1508.74487304688, 496.449066162109, 158.8642578125,1,25
1500.0498046875, 509.211853027344, 158.805938720703,1,25
1493.33984375, 520.80322265625, 158.805938720703,1,25
1490.42980957031, 535.948608398438, 158.805923461914,1,25
1492.82995605469, 547.976135253906, 158.805938720703,1,25
1497.80590820313, 562.103637695313, 158.805938720703,1,25
1506.37866210938, 574.438781738281, 158.806137084961,1,25
1517.35461425781, 584.1376953125, 158.805938720703,1,25
1529.93908691406, 593.084899902344, 158.805938720703,1,25
1541.95166015625, 599.963806152344, 158.805938720703,1,25
1555.7333984375, 606.931701660156, 158.805938720703,1,25
1569.67333984375, 612.526550292969, 158.805938720703,1,25
1584.55187988281, 613.694091796875, 158.805938720703,1,25
1596.79064941406, 607.265258789063, 158.805938720703,1,25
1608.81604003906, 599.612365722656, 158.805938720703,1,25
1620.68957519531, 591.028991699219, 158.805938720703,1,25
1631.08349609375, 582.480529785156, 158.805938720703,1,25
1645.21166992188, 578.6474609375, 158.805938720703,1,25
1659.1162109375, 584.009521484375, 158.805908203125,1,25
1671.18212890625, 595.580505371094, 158.805908203125,1,25
1669.86193847656, 609.631591796875, 158.805938720703,1,25
1665.39587402344, 622.722961425781, 158.805938720703,1,25
1658.4541015625, 635.511352539063, 158.805938720703,1,25
1650.18371582031, 647.11767578125, 158.805938720703,1,25
1641.83422851563, 657.558166503906, 158.805938720703,1,25
1629.22485351563, 666.469421386719, 158.805938720703,1,25
1617.2998046875, 674.279235839844, 158.805938720703,1,25
1606.71630859375, 683.104064941406, 158.805938720703,1,25
1600.89904785156, 694.714050292969, 158.805908203125,1,25
1612.59704589844, 704.0986328125, 158.805908203125,1,25
1624.90710449219, 710.405944824219, 158.805908203125,1,25
1629.97998046875, 724.571594238281, 158.789886474609,1,25
1633.12280273438, 738.859313964844, 158.789886474609,1,25
1640.32092285156, 751.998657226563, 158.789916992188,1,25
1653.46203613281, 755.359497070313, 158.789916992188,1,25
1665.78002929688, 748.282165527344, 158.789916992188,1,25
1674.20971679688, 736.871032714844, 158.789886474609,1,25
1683.97985839844, 724.44677734375, 158.806427001953,1,25
1693.20141601563, 715.784423828125, 158.805953979492,1,25
1708.46813964844, 711.744140625, 158.805953979492,1,25
1722.68884277344, 712.61572265625, 158.805953979492,1,25
1736.13549804688, 713.246826171875, 158.805953979492,1,25
1750.53967285156, 715.748901367188, 158.805953979492,1,25
1764.80871582031, 722.592346191406, 158.806457519531,1,25
1778.55529785156, 726.123413085938, 158.806427001953,1,25
1792.63146972656, 726.773681640625, 158.80647277832,1,25
1805.90454101563, 716.986450195313, 158.805953979492,1,25
1815.93640136719, 707.440124511719, 158.999893188477,1,25
1830.2548828125, 705.465576171875, 159.014282226563,1,25
1843.77514648438, 708.513793945313, 158.812377929688,1,25
1858.74792480469, 707.450500488281, 158.805953979492,1,25
1873.71594238281, 705.929260253906, 158.805953979492,1,25
1888.76110839844, 704.089965820313, 158.805953979492,1,25
1900.99609375, 710.380737304688, 158.805953979492,1,25
1913.9453125, 717.935852050781, 158.806030273438,1,25
1919.47302246094, 730.491271972656, 158.806457519531,1,25
1923.36828613281, 745.432006835938, 158.806457519531,1,25
1922.482421875, 758.740051269531, 158.80647277832,1,25
1917.67834472656, 772.129760742188, 160.020446777344,1,25
1912.28100585938, 785.3046875, 162.372024536133,1,25
1910.69445800781, 800.234924316406, 164.903549194336,1,25
endsave()
1910.23107910156, 813.690185546875, 167.626358032227,1,25
1910.37854003906, 828.3369140625, 169.241409301758,1,25
1910.43139648438, 842.986267089844, 169.756423950195,1,25
1910.34924316406, 856.844787597656, 169.756439208984,1,25
1905.54321289063, 869.020935058594, 169.756439208984,1,25
1898.84533691406, 867.586059570313, 169.756439208984,1,25
1892.583984375, 864.1796875, 169.756439208984,1,25
1880.61962890625, 855.735290527344, 169.756439208984,1,25
1870.62744140625, 845.595642089844, 169.83576965332,1,25
1861.07666015625, 834.484680175781, 170.078674316406,1,25
1848.67858886719, 823.874084472656, 170.67529296875,1,25
1838.83569335938, 831.148742675781, 169.919891357422,1,25
1839.78881835938, 846.46728515625, 169.83576965332,1,25
1842.15185546875, 860.52587890625, 169.835784912109,1,25
1844.83776855469, 875.33251953125, 169.830520629883,1,25
1849.03625488281, 889.178039550781, 169.756439208984,1,25
1860.10424804688, 897.957946777344, 169.756439208984,1,25
1873.90466308594, 904.860656738281, 169.756439208984,1,25
1887.51379394531, 911.271301269531, 169.756423950195,1,25
1898.7275390625, 920.555236816406, 169.756439208984,1,25
1898.51232910156, 931.634765625, 169.756439208984,1,25
1892.70861816406, 945.353332519531, 169.756439208984,1,25
1884.15686035156, 956.214965820313, 169.756439208984,1,25
1874.15563964844, 965.23046875, 169.756439208984,1,25
1861.73425292969, 971.820861816406, 169.756439208984,1,25
1847.42358398438, 974.848876953125, 169.756439208984,1,25
1834.87670898438, 976.634033203125, 169.756439208984,1,25
1818.78247070313, 978.7705078125, 169.756439208984,1,25
1803.41137695313, 980.255310058594, 169.756439208984,1,25
1788.77270507813, 980.172790527344, 169.756439208984,1,25
1776.14855957031, 979.123046875, 169.756439208984,1,25
1762.42419433594, 977.188903808594, 169.756454467773,1,25
1749.68383789063, 983.244262695313, 169.756439208984,1,25
1752.28466796875, 997.149597167969, 169.756423950195,1,25
1763.95532226563, 1003.63800048828, 169.756439208984,1,25
1774.32751464844, 1012.37359619141, 169.756439208984,1,25
1769.34265136719, 1026.55798339844, 171.030258178711,1,25
1766.37927246094, 1041.15747070313, 172.056442260742,1,25
1769.18041992188, 1055.37451171875, 171.77229309082,1,25
1779.9111328125, 1067.45324707031, 170.891983032227,1,25
1788.11010742188, 1078.60949707031, 170.590713500977,1,25
1787.06616210938, 1093.7890625, 169.759414672852,1,25
1777.36804199219, 1103.57373046875, 169.756454467773,1,25
1770.59204101563, 1117.86779785156, 169.756454467773,1,25
1761.57995605469, 1127.82873535156, 169.756500244141,1,25
1752.39794921875, 1137.12829589844, 169.756591796875,1,25
1746.58178710938, 1150.92468261719, 169.812072753906,1,25
1744.94750976563, 1164.88745117188, 169.837509155273,1,25
1737.9697265625, 1177.28662109375, 169.984954833984,1,25
1732.67163085938, 1191.29919433594, 169.982604980469,1,25
1733.09240722656, 1205.00012207031, 170.726669311523,1,25
1741.83422851563, 1215.12573242188, 170.726669311523,1,25
1755.61450195313, 1222.72473144531, 170.179733276367,1,25
1768.19470214844, 1219.19226074219, 170.179412841797,1,25
1782.24926757813, 1215.05456542969, 170.179626464844,1,25
1796.95837402344, 1211.89794921875, 170.179718017578,1,25
1811.06091308594, 1210.34606933594, 170.17951965332,1,25
1822.14001464844, 1213.17895507813, 170.17951965332,1,25
1834.26892089844, 1219.88317871094, 170.179443359375,1,25
1848.37451171875, 1227.07629394531, 170.179428100586,1,25
1861.71228027344, 1230.72705078125, 170.179504394531,1,25
1876.74658203125, 1230.9306640625, 170.179504394531,1,25
1890.62133789063, 1239.03466796875, 170.179504394531,1,25
1897.42919921875, 1250.14440917969, 170.179504394531,1,25
1899.4140625, 1265.82263183594, 170.850006103516,1,25
1896.95178222656, 1279.43200683594, 170.850006103516,1,25
1892.33471679688, 1292.88684082031, 170.850006103516,1,25
1885.04431152344, 1306.49670410156, 170.897216796875,1,25
1876.48095703125, 1318.34375, 170.324066162109,1,25
1865.70227050781, 1326.07568359375, 170.179504394531,1,25
1851.73193359375, 1332.56237792969, 170.179458618164,1,25
1841.59204101563, 1340.72509765625, 170.179489135742,1,25
1828.56530761719, 1349.65173339844, 170.179504394531,1,25
1813.90637207031, 1352.87585449219, 170.179443359375,1,25
1800.72058105469, 1355.59204101563, 170.178924560547,1,25
1797.16943359375, 1366.91284179688, 170.179504394531,1,25
1801.08361816406, 1380.60998535156, 170.179504394531,1,25
1805.81958007813, 1394.47595214844, 170.17951965332,1,25
1810.82080078125, 1409.60620117188, 170.179779052734,1,25
1824.03466796875, 1408.42895507813, 170.178634643555,1,25
1837.29028320313, 1399.42407226563, 170.179016113281,1,25
1846.16345214844, 1386.79541015625, 170.179534912109,1,25
1841.56823730469, 1374.61096191406, 170.179504394531,1,25
1839.47241210938, 1360.01062011719, 170.224349975586,1,25
1843.76538085938, 1347.29663085938, 170.179504394531,1,25
1850.955078125, 1335.50744628906, 170.179473876953,1,25
1865.93969726563, 1330.75329589844, 170.179595947266,1,25
1872.64025878906, 1318.62353515625, 170.179473876953,1,25
1879.65759277344, 1306.33654785156, 170.62483215332,1,25
1885.9384765625, 1293.54809570313, 170.305297851563,1,25
1892.2197265625, 1279.44165039063, 170.850021362305,1,25
1899.58557128906, 1266.79162597656, 170.850021362305,1,25
1906.83337402344, 1254.06262207031, 170.17951965332,1,25
1913.57556152344, 1241.05541992188, 170.179504394531,1,25
1922.40405273438, 1230.41967773438, 170.179504394531,1,25
1932.92346191406, 1219.11071777344, 170.17951965332,1,25
1942.6259765625, 1211.90197753906, 170.17951965332,1,25
1928.83459472656, 1215.130859375, 170.179504394531,1,25
1912.65661621094, 1220.2353515625, 170.179489135742,1,25
1900.34094238281, 1226.57873535156, 170.179504394531,1,25
1886.64233398438, 1230.34594726563, 170.179504394531,1,25
1872.44458007813, 1229.45593261719, 170.179306030273,1,25
1858.05310058594, 1222.98706054688, 170.16877746582,1,25
1845.9404296875, 1214.07580566406, 170.126342773438,1,25
1836.26953125, 1205.88903808594, 170.084777832031,1,25
1826.74084472656, 1196.38635253906, 170.163635253906,1,25
1816.1650390625, 1183.10559082031, 170.163635253906,1,25
1807.83728027344, 1173.04211425781, 169.92594909668,1,25
1802.70739746094, 1159.193359375, 169.912246704102,1,25
1803.75622558594, 1143.42407226563, 169.781921386719,1,25
1808.62182617188, 1131.36791992188, 169.906524658203,1,25
1819.267578125, 1121.64074707031, 170.163635253906,1,25
1833.38916015625, 1117.96423339844, 170.003890991211,1,25
1848.21667480469, 1115.494140625, 169.963638305664,1,25
1862.4560546875, 1115.23571777344, 169.963638305664,1,25
1876.46130371094, 1119.18566894531, 170.098480224609,1,25
1887.33520507813, 1127.75671386719, 170.163635253906,1,25
1897.20153808594, 1138.04663085938, 169.984954833984,1,25
1907.57861328125, 1147.79321289063, 169.984970092773,1,25
1921.26281738281, 1155.50646972656, 169.976715087891,1,25
1935.08581542969, 1156.01538085938, 170.099258422852,1,25
1949.23474121094, 1157.75061035156, 170.049453735352,1,25
1963.787109375, 1158.01013183594, 169.8427734375,1,25
1977.19604492188, 1153.25598144531, 170.412231445313,1,25
1990.51123046875, 1148.16394042969, 170.33317565918,1,25
2004.0830078125, 1145.52978515625, 170.802154541016,1,25
2019.05310058594, 1144.03588867188, 170.17236328125,1,25
2033.3466796875, 1140.9111328125, 170.259307861328,1,25
2046.21789550781, 1135.65148925781, 170.238464355469,1,25
2060.40600585938, 1127.35974121094, 170.317504882813,1,25
2059.9072265625, 1114.30090332031, 169.934097290039,1,25
2051.11962890625, 1101.34533691406, 170.021606445313,1,25
2040.5478515625, 1091.78674316406, 170.021224975586,1,25
2031.01013183594, 1080.68334960938, 169.756439208984,1,25
2020.77722167969, 1067.57214355469, 170.135101318359,1,25
2015.46740722656, 1054.85168457031, 171.997177124023,1,25
2015.82995605469, 1040.37414550781, 171.149291992188,1,25
2018.23193359375, 1025.11901855469, 169.7587890625,1,25
2022.21008300781, 1013.01025390625, 169.756439208984,1,25
2036.24206542969, 1007.63732910156, 169.756423950195,1,25
2039.98278808594, 998.093017578125, 169.756439208984,1,25
2031.79541015625, 982.275024414063, 169.756439208984,1,25
2024.69787597656, 967.315185546875, 169.756439208984,1,25
2025.36145019531, 953.575622558594, 169.756439208984,1,25
2030.50231933594, 941.180786132813, 169.756423950195,1,25
2041.20190429688, 932.728576660156, 169.938140869141,1,25
2055.42944335938, 925.817565917969, 169.756439208984,1,25
2068.72924804688, 921.935791015625, 169.756439208984,1,25
2077.52319335938, 912.766052246094, 169.984985351563,1,25
2069.23779296875, 902.417297363281, 169.984970092773,1,25
2059.87744140625, 889.790710449219, 169.979354858398,1,25
2053.63134765625, 878.313110351563, 169.756423950195,1,25
2044.97924804688, 867.071044921875, 169.758102416992,1,25
2032.67761230469, 858.411315917969, 169.956436157227,1,25
2018.99243164063, 850.439392089844, 169.756439208984,1,25
2008.0234375, 840.1748046875, 169.756439208984,1,25
2003.35632324219, 826.451171875, 169.756439208984,1,25
1999.64697265625, 811.06005859375, 170.012191772461,1,25
1990.42517089844, 797.712036132813, 171.511199951172,1,25
1977.53479003906, 796.699951171875, 172.311096191406,1,25
1964.07116699219, 803.856811523438, 171.598114013672,1,25
1957.9326171875, 817.752380371094, 171.3525390625,1,25
1961.63610839844, 831.34375, 169.965637207031,1,25
1968.50671386719, 845.558715820313, 169.756454467773,1,25
1966.75891113281, 859.986877441406, 169.956436157227,1,25
1961.38610839844, 873.551940917969, 169.756439208984,1,25
1951.17443847656, 881.661010742188, 169.756439208984,1,25
1939.0810546875, 888.382751464844, 169.756439208984,1,25
1925.4990234375, 894.189697265625, 169.756439208984,1,25
1924.10693359375, 909.539306640625, 169.756439208984,1,25
1922.39306640625, 925.028747558594, 169.756439208984,1,25
1915.26086425781, 939.935302734375, 169.756439208984,1,25
1913.228515625, 953.633056640625, 169.756439208984,1,25
1919.55285644531, 965.836120605469, 169.756439208984,1,25
1930.10974121094, 974.815979003906, 169.756439208984,1,25
1943.98266601563, 981.230834960938, 169.756439208984,1,25
1957.34631347656, 984.899169921875, 169.756439208984,1,25
1971.44885253906, 991.116455078125, 170.178649902344,1,25
1982.73095703125, 999.137756347656, 171.741882324219,1,25