MonsterList=x1_SpeedKill_Gluttony|Ghoul_|FallenGrunt_A|FallenHound_B|FallenHound_A|FallenHound_c|FallenHound_D|sandWasp_A|FallenChampion_A|SandShark_A|sandWasp_B|Triune_Summonable_C|TriuneCultist_C|TriuneCultist_D|TriuneVessel_C|Triune_Summonable_D|Triune_Berserker_C|Triune_Berserker_B|TriuneSummoner_C|LacuniFemale_A|DuneDervish_B|FallenGrunt_B|Bloodhawk_A|snakeMan_Melee_A|snakeMan_Caster_A|FallenChampion_B|DuneDervish_A|FallenShaman_B|Khamsin_snakeman_melee|electricEel_A|FallenShaman_A_Unique_MiniPools|Goblin|Uber|DuneDervish|TriuneVesselActivated_C|TriuneCultist_C|TriuneCultist_D|Skeleton_
DecorList=Bone|Rock|Barricade
AutoBuff=True
attackrange=45 
TakeWPAdv=22
Sleep=500
1413.84118652344, 1157.03735351563, 184.491546630859,1,25
1413.92175292969, 1154.36108398438, 184.491546630859,1,25
1411.39514160156, 1138.10375976563, 184.491546630859,1,25
1404.32336425781, 1125.76879882813, 184.491546630859,1,25
1393.22229003906, 1113.5703125, 184.489532470703,1,25
1380.47875976563, 1102.38537597656, 181.346466064453,1,25
endsave()
1366.60998535156, 1091.25317382813, 175.157424926758,1,25
1356.45764160156, 1081.90185546875, 174.539886474609,1,25
1343.53588867188, 1073.12707519531, 174.539886474609,1,25
1331.21203613281, 1064.27355957031, 174.539886474609,1,25
1319.25744628906, 1054.22082519531, 174.53987121582,1,25
1308.8388671875, 1043.24719238281, 174.53987121582,1,25
1303.06958007813, 1030.24353027344, 174.539886474609,1,25
1307.92651367188, 1014.29046630859, 174.53987121582,1,25
1324.72802734375, 1004.60205078125, 174.53987121582,1,25
1337.41650390625, 994.822631835938, 174.53987121582,1,25
1352.88244628906, 989.050720214844, 174.53987121582,1,25
1366.357421875, 979.239318847656, 174.53987121582,1,25
1382.56176757813, 972.954895019531, 174.53987121582,1,25
1398.37048339844, 971.671569824219, 174.53987121582,1,25
1416.10559082031, 970.153137207031, 174.53987121582,1,25
1431.90185546875, 960.270690917969, 174.53987121582,1,25
1444.02600097656, 947.798217773438, 174.53987121582,1,25
1453.63415527344, 934.94384765625, 174.53987121582,1,25
1465.91247558594, 916.846984863281, 174.53987121582,1,25
1464.43530273438, 908.477355957031, 174.539855957031,1,25
1455.4052734375, 896.284240722656, 174.53987121582,1,25
1446.44226074219, 885.167114257813, 174.539855957031,1,25
1441.46350097656, 868.96923828125, 174.53987121582,1,25
1439.71008300781, 855.251098632813, 174.53987121582,1,25
1436.77038574219, 837.191284179688, 174.539886474609,1,25
1434.55895996094, 819.484802246094, 174.539886474609,1,25
1433.65710449219, 800.341247558594, 174.539886474609,1,25
1436.91479492188, 786.981079101563, 174.539886474609,1,25
1449.28234863281, 781.025268554688, 174.53987121582,1,25
1459.78735351563, 792.964233398438, 174.53987121582,1,25
1464.09130859375, 810.745727539063, 174.667144775391,1,25
1467.423828125, 826.005493164063, 174.739822387695,1,25
1472.57055664063, 840.72265625, 174.739807128906,1,25
1478.72473144531, 854.102844238281, 174.53987121582,1,25
1489.12573242188, 866.278381347656, 174.53987121582,1,25
1506.01513671875, 874.10205078125, 174.53987121582,1,25
1521.97290039063, 867.765625, 174.53987121582,1,25
1532.62609863281, 855.173461914063, 174.53987121582,1,25
1540.81237792969, 839.834533691406, 174.739807128906,1,25
1545.48937988281, 822.309509277344, 174.539886474609,1,25
1547.78381347656, 806.85986328125, 174.53987121582,1,25
1544.42797851563, 789.09130859375, 174.58561706543,1,25
1536.42602539063, 773.135620117188, 174.739807128906,1,25
1525.1630859375, 756.010498046875, 174.539886474609,1,25
1497.49377441406, 734.832641601563, 174.53987121582,1,25
1486.21667480469, 722.164916992188, 174.539855957031,1,25
1476.45324707031, 711.743713378906, 174.539901733398,1,25
1462.35205078125, 703.484680175781, 174.539901733398,1,25
1446.00805664063, 703.487548828125, 174.53987121582,1,25
1427.9921875, 706.656677246094, 174.539886474609,1,25
1412.53393554688, 708.333679199219, 174.53987121582,1,25
1399.0126953125, 705.458862304688, 174.53987121582,1,25
1382.10144042969, 704.508422851563, 174.53987121582,1,25
1365.15991210938, 705.108154296875, 174.53987121582,1,25
1350.00964355469, 705.988098144531, 174.53987121582,1,25
1335.31469726563, 705.620422363281, 174.53987121582,1,25
1315.90112304688, 695.806396484375, 174.53987121582,1,25
1308.61889648438, 681.789611816406, 174.539886474609,1,25
1311.79211425781, 667.783752441406, 174.53987121582,1,25
1329.26635742188, 663.075012207031, 174.539886474609,1,25
1346.21997070313, 663.244689941406, 174.539886474609,1,25
1362.57360839844, 665.421997070313, 174.53987121582,1,25
1379.7880859375, 667.677429199219, 174.539886474609,1,25
1391.64501953125, 657.669677734375, 174.53987121582,1,25
1397.90380859375, 639.54248046875, 174.53987121582,1,25
1400.24377441406, 621.86865234375, 174.53987121582,1,25
1401.79809570313, 604.539916992188, 174.539886474609,1,25
1405.84973144531, 589.00146484375, 174.539901733398,1,25
1408.41564941406, 570.938720703125, 174.539901733398,1,25
1410.1181640625, 554.076049804688, 174.539916992188,1,25
1413.55603027344, 536.561706542969, 174.539901733398,1,25
1413.70129394531, 517.86083984375, 174.539901733398,1,25
1401.78173828125, 506.116241455078, 174.539901733398,1,25
1385.1220703125, 500.347412109375, 174.539901733398,1,25
1368.30065917969, 501.605072021484, 174.539901733398,1,25
1355.39562988281, 508.292510986328, 174.539901733398,1,25
1344.77807617188, 524.260620117188, 174.539901733398,1,25
1333.48071289063, 532.704162597656, 174.539901733398,1,25
1316.92297363281, 536.10009765625, 174.539886474609,1,25
1301.26232910156, 532.5556640625, 174.539855957031,1,25
1284.82153320313, 528.39990234375, 174.539855957031,1,25
1266.65881347656, 531.978576660156, 174.53987121582,1,25
1265.68676757813, 547.876159667969, 174.53987121582,1,25
1275.66345214844, 561.525695800781, 174.539886474609,1,25
1281.27270507813, 577.916137695313, 174.539886474609,1,25
1278.25622558594, 597.087829589844, 174.539901733398,1,25
1271.27868652344, 614.955749511719, 174.539886474609,1,25
1257.75646972656, 627.919616699219, 174.539886474609,1,25
1245.74951171875, 643.287353515625, 174.53987121582,1,25
1239.08129882813, 658.394470214844, 174.53987121582,1,25
1232.61340332031, 675.02734375, 174.53987121582,1,25
1222.6494140625, 693.974975585938, 174.53987121582,1,25
1212.17944335938, 711.111145019531, 174.53987121582,1,25
1202.52514648438, 726.123168945313, 174.539886474609,1,25
1192.69396972656, 740.485229492188, 174.539886474609,1,25
1182.40478515625, 755.612976074219, 174.539886474609,1,25
1174.60229492188, 771.033996582031, 174.535583496094,1,25
1171.71984863281, 787.278076171875, 174.539886474609,1,25
1169.13110351563, 806.74072265625, 174.539886474609,1,25
1165.22607421875, 821.329650878906, 174.53987121582,1,25
1152.09631347656, 838.228210449219, 174.539886474609,1,25
1146.99389648438, 854.991577148438, 174.539886474609,1,25
1151.27697753906, 870.637573242188, 174.539886474609,1,25
1164.98742675781, 880.514526367188, 174.539886474609,1,25
1170.72937011719, 896.435485839844, 174.540054321289,1,25
1183.54638671875, 910.630859375, 174.539886474609,1,25
1186.98229980469, 926.681091308594, 174.539886474609,1,25
1189.11096191406, 944.854614257813, 174.539886474609,1,25
1190.31518554688, 958.173034667969, 174.539886474609,1,25
1188.16955566406, 975.890563964844, 174.539886474609,1,25
1186.64978027344, 994.753295898438, 174.539886474609,1,25
1193.52270507813, 1008.25817871094, 174.539886474609,1,25
1210.37585449219, 1010.38757324219, 174.53987121582,1,25
1226.78295898438, 1006.12335205078, 174.53987121582,1,25
1244.38671875, 1003.39270019531, 174.53987121582,1,25
1261.0791015625, 1007.65008544922, 174.53987121582,1,25
1268.07055664063, 1023.12939453125, 174.539855957031,1,25
1272.33251953125, 1044.55444335938, 174.53987121582,1,25
1274.59985351563, 1060.43078613281, 174.53987121582,1,25
1286.16662597656, 1072.77770996094, 174.53987121582,1,25
1302.41857910156, 1069.03295898438, 174.53987121582,1,25
1321.47680664063, 1064.35083007813, 174.539886474609,1,25
1337.87670898438, 1067.93078613281, 174.539901733398,1,25
1352.01831054688, 1078.73864746094, 174.539886474609,1,25
1363.2802734375, 1088.2294921875, 174.616241455078,1,25
1376.66394042969, 1100.04248046875, 179.829254150391,1,25
endsave()
1397.90881347656, 1121.0146484375, 184.491546630859,1,25
1408.07055664063, 1130.39965820313, 184.491546630859,1,25
1423.12072753906, 1178.14147949219, 186.198425292969,1,25
1412.37744140625, 1168.19201660156, 184.491546630859,1,25
1406.90771484375, 1152.36022949219, 184.491546630859,1,25
1414.4248046875, 1137.58508300781, 184.491546630859,1,25
1423.97241210938, 1121.63122558594, 184.491546630859,1,25
1432.02172851563, 1106.17797851563, 184.491546630859,1,25
1446.39392089844, 1101.43786621094, 184.491546630859,1,25
1458.96472167969, 1110.28625488281, 184.491546630859,1,25
1467.59729003906, 1124.50207519531, 184.491546630859,1,25
1483.03674316406, 1131.6279296875, 184.491546630859,1,25
1503, 1136.2412109375, 184.491546630859,1,25
1515.79675292969, 1127.478515625, 184.491546630859,1,25
1532.76904296875, 1131.8173828125, 184.491546630859,1,25
1543.14050292969, 1144.1494140625, 184.491546630859,1,25
1548.82666015625, 1161.43725585938, 186.487640380859,1,25
1559.40954589844, 1176.76452636719, 186.491577148438,1,25
1567.51245117188, 1192.32800292969, 184.491516113281,1,25
1563.61010742188, 1209.55261230469, 184.491546630859,1,25
1554.7841796875, 1225.93151855469, 184.491546630859,1,25
1546.78503417969, 1240.50817871094, 184.491546630859,1,25
1536.73327636719, 1255.17456054688, 184.491516113281,1,25
1519.33569335938, 1254.82421875, 184.491546630859,1,25
1502.869140625, 1253.42150878906, 184.49153137207,1,25
1485.9765625, 1254.70751953125, 186.101043701172,1,25
1466.6884765625, 1250.73254394531, 186.491561889648,1,25
1448.60205078125, 1257.48876953125, 185.732696533203,1,25
1440.44873046875, 1272.41223144531, 186.287872314453,1,25
1429.88623046875, 1285.23278808594, 186.414962768555,1,25
1414.10656738281, 1292.92065429688, 186.491546630859,1,25
1395.57885742188, 1294.5029296875, 185.981079101563,1,25
1378.56762695313, 1294.24755859375, 185.33984375,1,25
1361.16931152344, 1293.3017578125, 185.245452880859,1,25
1344.15576171875, 1292.587890625, 184.881866455078,1,25
1325.55859375, 1293.26684570313, 184.881866455078,1,25
1307.92346191406, 1295.65148925781, 184.881866455078,1,25
endsave()
1287.56188964844, 1291.37243652344, 184.881866455078,1,25
1269.74584960938, 1291.64758300781, 184.49169921875,1,25
1251.93151855469, 1291.99365234375, 184.491668701172,1,25
1235.30480957031, 1292.31665039063, 184.491607666016,1,25
1218.67810058594, 1292.6396484375, 184.491546630859,1,25
1202.17199707031, 1294.42102050781, 184.491546630859,1,25
1188.73046875, 1304.400390625, 184.491561889648,1,25
1186.92614746094, 1321.9638671875, 184.491546630859,1,25
1187.16369628906, 1338.55090332031, 184.491546630859,1,25
1181.91284179688, 1354.26794433594, 184.491546630859,1,25
1166.00146484375, 1363.19934082031, 184.491546630859,1,25
1149.42602539063, 1364.56311035156, 184.491546630859,1,25
1131.82177734375, 1367.12854003906, 184.491546630859,1,25
1121.71435546875, 1381.27746582031, 184.491546630859,1,25
1118.7958984375, 1398.81884765625, 184.491546630859,1,25
1113.74682617188, 1416.57250976563, 184.491546630859,1,25
1106.8408203125, 1431.7021484375, 184.491546630859,1,25
1100.37927246094, 1447.43505859375, 184.491546630859,1,25
1097.26147460938, 1465.77868652344, 184.491546630859,1,25
1093.70141601563, 1482.00549316406, 184.491683959961,1,25
1088.51538085938, 1500.29016113281, 184.49169921875,1,25
1085.2607421875, 1516.58129882813, 184.491683959961,1,25
1089.27319335938, 1532.76257324219, 184.49169921875,1,25
1102.12670898438, 1544.458984375, 184.49169921875,1,25
1121.806640625, 1547.38293457031, 184.491683959961,1,25
1139.46325683594, 1545.00744628906, 184.491683959961,1,25
1156.48791503906, 1539.88000488281, 184.49169921875,1,25
1170.69494628906, 1528.04748535156, 184.49169921875,1,25
1175.61462402344, 1510.18469238281, 184.49169921875,1,25
1176.5791015625, 1492.39477539063, 184.49169921875,1,25
1177.70385742188, 1473.42272949219, 184.49169921875,1,25
1176.27661132813, 1454.49353027344, 184.491714477539,1,25
1172.2919921875, 1437.16259765625, 184.49169921875,1,25
1164.88830566406, 1421.01379394531, 184.49169921875,1,25
1154.62707519531, 1406.44592285156, 184.491546630859,1,25
1142.4619140625, 1389.34350585938, 184.491546630859,1,25