TakeWPAdv=20
MonsterList=Belial|x1_SpeedKill_Gluttony|Ghoul_|Ghost_C_Event|snakeMan_Caster_B|FallenGrunt_A|FallenLunatic_A|sandWasp_A|FallenChampion_A|SandShark_A|Goblin|Uber|SandShark_B|SandShark_|sandWasp_B|Triune_Summonable_C|TriuneCultist_C|TriuneCultist_D|TriuneVessel_C|Triune_Summonable_D|Triune_Berserker_C|Triune_Berserker_B|TriuneSummoner_C|caOut_StingingWinds_Barricade_A|LacuniFemale_A|DuneDervish_B|FallenLunatic_B|FallenGrunt_B|Bloodhawk_A|snakeMan_Melee_A|snakeMan_Melee_B|FallenLunatic_C|snakeMan_Caster_A|FallenChampion_B|DuneDervish_A|FallenShaman_B|FallenShaman_|Khamsin_snakeman_melee|electricEel_A|FallenShaman_A_Unique_MiniPools|Barrel_|DuneDervish|DuneDervish_B_Unique_Uber|Skeleton_C|Corpulent_C|FallenHound_B|FallenHound_A|FallenHound_c|FallenHound_D|Skeleton_
BanList=a2dun_Cald_Belial_Room_Gate_A|a2dun_Cald_Belial_Room_A_Breakable_main|Belial_BSS_soul|Belial_Spray_Marker|Belial_TreasureGrant
AutoBuff=True
usepath=false
sleep=500
612.890686035156, 925.673278808594, -29.6708316802979,1,25
622.345581054688, 913.275634765625, -29.6708297729492,1,25
634.641296386719, 900.966918945313, -29.6708316802979,1,25
643.612426757813, 890.482604980469, -29.6708297729492,1,25
651.206176757813, 874.90283203125, -29.6708316802979,1,25
648.451904296875, 857.793640136719, -29.6708297729492,1,25
638.03857421875, 844.98095703125, -29.6708297729492,1,25
621.097778320313, 837.047912597656, -29.6708297729492,1,25
617.030212402344, 820.050842285156, -29.3894081115723,1,25
617.182739257813, 808.007385253906, -22.8591194152832,1,25
615.729125976563, 792.967041015625, -14.8523826599121,1,25
616.516784667969, 777.007507324219, -14.5599231719971,1,25
618.609741210938, 761.986633300781, -7.10176086425781,1,25
616.802978515625, 747.885864257813, 0.14821869134903,1,25
615.281372070313, 731.120056152344, 0.100000001490116,1,25
615.857727050781, 715.064636230469, 0.100000001490116,1,25
616.244934082031, 698.558715820313, 0.100000008940697,1,25
615.813354492188, 684.283325195313, 0.0999999940395355,1,25
615.34130859375, 668.669616699219, 0.100000008940697,1,25
614.882873535156, 653.502014160156, 0.100000001490116,1,25
614.430297851563, 637.887939453125, 0.100000001490116,1,25
613.886962890625, 623.616516113281, 0.158528372645378,1,25
617.087036132813, 609.825500488281, -0.0396129377186298,1,25
626.203918457031, 599.595031738281, -0.0396129116415977,1,25
637.764831542969, 589.10400390625, -0.0396128967404366,1,25
643.934387207031, 581.484436035156, -0.0396129116415977,1,25
648.4921875, 565.760986328125, -0.039612889289856,1,25
646.73583984375, 552.074584960938, -0.0396129116415977,1,25
640.287353515625, 537.995788574219, -0.0396129079163074,1,25
628.517944335938, 524.71923828125, -0.0396129116415977,1,25
621.35400390625, 518.853454589844, -0.039612852036953,1,25
608.547302246094, 525.038208007813, -0.0396128967404366,1,25
599.584777832031, 537.82080078125, -0.0396128967404366,1,25
591.260681152344, 553.020874023438, -0.0396128743886948,1,25
585.272888183594, 564.393493652344, -0.0396129041910172,1,25
571.000793457031, 564.499206542969, -0.0396129004657269,1,25
553.183410644531, 563.405456542969, -0.0396129116415977,1,25
538.045166015625, 562.369506835938, 0.100000001490116,1,25
525.132873535156, 561.487854003906, 0.0999999940395355,1,25
508.213317871094, 560.332763671875, 0.100000038743019,1,25
494.852478027344, 559.474182128906, 0.100000031292439,1,25
480.145416259766, 558.694396972656, 0.100000016391277,1,25
467.665557861328, 558.056091308594, 0.100000813603401,1,25
452.957153320313, 557.303833007813, 0.100000962615013,1,25
439.584045410156, 557.219421386719, 0.100000478327274,1,25
424.427856445313, 557.956115722656, 0.100000478327274,1,25
408.825897216797, 558.714477539063, 0.100000701844692,1,25
392.778167724609, 559.494506835938, 0.100000903010368,1,25
378.067749023438, 560.209533691406, 0.100000590085983,1,25
362.465789794922, 560.967895507813, 0.100000478327274,1,25
345.080749511719, 561.812927246094, 0.100000485777855,1,25
331.261871337891, 562.484619140625, 0.100000709295273,1,25
316.111999511719, 562.740234375, 0.100000858306885,1,25
300.158050537109, 560.856750488281, 0.100000478327274,1,25
endsave()
285.888793945313, 560.924133300781, 0.100000470876694,1,25
259.391876220703, 563.390502929688, 7.63908290863037,1,25
offsetlist()
sleep=500
InteractBossPortal=Boss_Portal_Belial
sleep=3000
closewindows()
sleep=1500
offsetlist()
usepath=false
804.3125, 785.439453125, 0.100000955164433,1,25
802.578125, 785.86181640625, 0.100000649690628,1,25
802.578125, 785.86181640625, 0.100000649690628,1,25
800.861083984375, 786.349853515625, 0.100000634789467,1,25
800.861083984375, 786.349853515625, 0.100000634789467,1,25
799.7763671875, 787.767822265625, 0.100000955164433,1,25
799.7763671875, 787.767822265625, 0.100000955164433,1,25
799.400512695313, 789.244506835938, 0.100000955164433,1,25
799.400512695313, 789.244506835938, 0.100000955164433,1,25
797.815612792969, 790.0400390625, 0.100000940263271,1,25
797.815612792969, 790.0400390625, 0.100000940263271,1,25
796.388610839844, 791.112548828125, 0.100000955164433,1,25
796.388610839844, 791.558837890625, 0.100000962615013,1,25
796.388610839844, 791.558837890625, 0.100000962615013,1,25
796.382507324219, 792.451354980469, 0.100000955164433,1,25
796.382507324219, 792.451354980469, 0.100000955164433,1,25
795.49853515625, 793.927734375, 0.100000604987144,1,25
795.49853515625, 793.927734375, 0.100000604987144,1,25
794.236328125, 795.18994140625, 0.100000366568565,1,25
794.236328125, 795.18994140625, 0.100000366568565,1,25
796.00439453125, 794.944274902344, 0.100000411272049,1,25
796.00439453125, 794.944274902344, 0.100000411272049,1,25
797.2021484375, 796.012145996094, 0.100000835955143,1,25
797.2021484375, 796.012145996094, 0.100000835955143,1,25
sleep=1000
closewindows()
sleep=1000
798.685485839844, 796.992309570313, 0.100000955164433,1,25
798.685485839844, 796.992309570313, 0.100000955164433,1,25
800.275146484375, 797.138122558594, 0.100000947713852,1,25
800.275146484375, 797.138122558594, 0.100000947713852,1,25
801.809631347656, 796.831237792969, 0.100000955164433,1,25
801.809631347656, 796.831237792969, 0.100000955164433,1,25
803.540710449219, 796.796081542969, 0.100000686943531,1,25
803.540710449219, 796.796081542969, 0.100000686943531,1,25
803.540710449219, 796.796081542969, 0.100000686943531,1,25
804.469482421875, 795.482299804688, 0.100000753998756,1,25
804.330139160156, 794.150756835938, 0.100000701844692,1,25
sleep=10000
798.685485839844, 796.992309570313, 0.100000955164433,1,25
798.685485839844, 796.992309570313, 0.100000955164433,1,25
800.275146484375, 797.138122558594, 0.100000947713852,1,25
800.275146484375, 797.138122558594, 0.100000947713852,1,25
801.809631347656, 796.831237792969, 0.100000955164433,1,25
801.809631347656, 796.831237792969, 0.100000955164433,1,25
803.540710449219, 796.796081542969, 0.100000686943531,1,25
803.540710449219, 796.796081542969, 0.100000686943531,1,25
803.540710449219, 796.796081542969, 0.100000686943531,1,25
804.469482421875, 795.482299804688, 0.100000753998756,1,25
804.330139160156, 794.150756835938, 0.100000701844692,1,25
sleep=5000
817.446655273438, 792.63134765625, 0.100000068545341,1,25
809.83203125, 803.097106933594, 0.100000061094761,1,25
809.83203125, 803.097106933594, 0.100000061094761,1,25
812.550231933594, 810.9541015625, 0.100000955164433,1,25
806.765319824219, 813.314636230469, 0.100000306963921,1,25
sleep=5000
817.446655273438, 792.63134765625, 0.100000068545341,1,25
809.83203125, 803.097106933594, 0.100000061094761,1,25
809.83203125, 803.097106933594, 0.100000061094761,1,25
812.550231933594, 810.9541015625, 0.100000955164433,1,25
806.765319824219, 813.314636230469, 0.100000306963921,1,25
offsetlist()
sleep=500