TakeWP=4
MonsterList=FallenGrunt_A|FallenHound_B|FallenHound_A|FallenHound_c|FallenHound_D|sandWasp_A|FallenChampion_A|SandShark_A|sandWasp_B|Triune_Summonable_C|TriuneCultist_C|TriuneCultist_D|TriuneVessel_C|Triune_Summonable_D|Triune_Berserker_C|Triune_Berserker_B|TriuneSummoner_C|LacuniFemale_A|DuneDervish_B|FallenGrunt_B|Bloodhawk_A|snakeMan_Melee_A|snakeMan_Caster_A|FallenChampion_B|DuneDervish_A|FallenShaman_B|Khamsin_snakeman_melee|electricEel_A|FallenShaman_A_Unique_MiniPools|Goblin|Uber|DuneDervish|TriuneVesselActivated_C|TriuneCultist_C|TriuneCultist_D|Skeleton_
AutoBuff=True
attackrange=45
sleep=500
1424.27709960938, 1179.4462890625, 186.349868774414,1,25
1418.77392578125, 1166.76721191406, 184.491546630859,1,25
1415.48803710938, 1151.96484375, 184.491546630859,1,25
1409.6298828125, 1134.85766601563, 184.491546630859,1,25
1401.0546875, 1122.36071777344, 184.491546630859,1,25
1388.86877441406, 1109.32946777344, 184.064331054688,1,25
1376.10729980469, 1098.17687988281, 179.273162841797,1,25
endsave()
1365.79077148438, 1090.36401367188, 174.807907104492,1,25
1357.40759277344, 1084.44091796875, 174.539886474609,1,25
1330.3876953125, 1067.95764160156, 174.53987121582,1,25
1319.68933105469, 1057.2421875, 174.539886474609,1,25
1311.33544921875, 1046.21667480469, 174.539855957031,1,25
1301.25927734375, 1034.72399902344, 174.53987121582,1,25
1285.94311523438, 1032.06237792969, 174.539886474609,1,25
1272.89807128906, 1043.11975097656, 174.53987121582,1,25
1256.39770507813, 1048.76000976563, 174.53987121582,1,25
1244.03601074219, 1036.5068359375, 174.53987121582,1,25
1237.62475585938, 1023.81225585938, 174.53987121582,1,25
1233.23083496094, 1009.75506591797, 174.53987121582,1,25
1227.00842285156, 995.509521484375, 174.53987121582,1,25
1215.05114746094, 983.864013671875, 174.539855957031,1,25
1202.02893066406, 993.639709472656, 174.53987121582,1,25
1188.27429199219, 1005.31457519531, 174.539886474609,1,25
1181.82397460938, 987.461120605469, 174.675811767578,1,25
1183.24096679688, 972.35498046875, 174.539886474609,1,25
1178.18103027344, 949.734924316406, 174.539886474609,1,25
1176.67663574219, 933.80712890625, 174.539886474609,1,25
1182.78430175781, 918.587219238281, 174.539886474609,1,25
1187.02807617188, 904.028869628906, 174.539886474609,1,25
1189.02746582031, 889.00048828125, 174.539886474609,1,25
1185.62658691406, 875.539367675781, 174.539886474609,1,25
1171.58068847656, 863.948974609375, 174.539886474609,1,25
1156.75354003906, 859.357299804688, 174.539886474609,1,25
1141.84924316406, 856.508728027344, 174.539886474609,1,25
1126.27502441406, 846.451171875, 174.539886474609,1,25
1138.31762695313, 835.167419433594, 174.539886474609,1,25
1149.13024902344, 823.284545898438, 174.539886474609,1,25
1157.64331054688, 811.848510742188, 174.539886474609,1,25
1165.61755371094, 796.412658691406, 174.539886474609,1,25
1171.92651367188, 783.106201171875, 174.539901733398,1,25
1181.31408691406, 767.984191894531, 174.539886474609,1,25
1185.75500488281, 753.474426269531, 174.539886474609,1,25
1200.7177734375, 732.573303222656, 174.539886474609,1,25
1203.37084960938, 711.247009277344, 174.539901733398,1,25
1210.17114257813, 695.712097167969, 174.539901733398,1,25
1217.30737304688, 678.056213378906, 174.539886474609,1,25
1224.865234375, 665.020629882813, 174.539901733398,1,25
1234.30041503906, 652.037719726563, 174.539886474609,1,25
1242.02368164063, 635.615844726563, 174.539901733398,1,25
1251.80603027344, 620.277648925781, 174.539901733398,1,25
1260.29675292969, 605.084411621094, 174.539916992188,1,25
1267.06591796875, 592.514343261719, 174.539901733398,1,25
1267.70324707031, 575.20458984375, 174.539886474609,1,25
1262.37683105469, 559.782043457031, 174.53987121582,1,25
1255.98376464844, 543.267639160156, 174.539855957031,1,25
1264.21936035156, 528.589538574219, 174.53987121582,1,25
1291.36743164063, 526.914428710938, 174.539886474609,1,25
1309.97045898438, 524.895385742188, 174.539886474609,1,25
1329.15563964844, 524.447265625, 174.539901733398,1,25
1345.23828125, 520.917358398438, 174.539901733398,1,25
1359.84350585938, 516.800109863281, 174.539916992188,1,25
1376.53271484375, 514.17041015625, 174.539901733398,1,25
1396.30517578125, 517.113586425781, 174.539901733398,1,25
1408.61047363281, 527.248352050781, 174.539886474609,1,25
1418.43103027344, 543.274353027344, 174.539901733398,1,25
1414.04345703125, 565.370300292969, 174.539901733398,1,25
1405.50964355469, 581.760925292969, 174.539901733398,1,25
1401.87121582031, 597.866088867188, 174.539901733398,1,25
1398.74194335938, 613.166748046875, 174.539886474609,1,25
1396.04089355469, 629.00439453125, 174.53987121582,1,25
1392.23962402344, 645.518615722656, 174.53987121582,1,25
1381.9248046875, 656.802001953125, 174.53987121582,1,25
1368.51306152344, 661.575561523438, 174.539886474609,1,25
1350.69641113281, 662.490539550781, 174.53987121582,1,25
1333.29357910156, 662.394226074219, 174.53987121582,1,25
1318.52844238281, 669.428894042969, 174.53987121582,1,25
1316.51989746094, 685.511596679688, 174.539886474609,1,25
1332.29968261719, 695.834533691406, 174.53987121582,1,25
1349.18359375, 701.536376953125, 174.53987121582,1,25
1365.40612792969, 700.768493652344, 174.539886474609,1,25
1383.21008300781, 699.639709472656, 174.53987121582,1,25
1401.16076660156, 694.318115234375, 174.53987121582,1,25
1418.73828125, 689.315795898438, 174.53987121582,1,25
1436.91943359375, 687.540405273438, 174.539886474609,1,25
1456.65673828125, 695.711181640625, 174.539886474609,1,25
1476.04504394531, 708.783081054688, 174.539901733398,1,25
1485.22729492188, 722.509033203125, 174.53987121582,1,25
1509.75305175781, 748.43408203125, 174.53987121582,1,25
1523.78234863281, 757.14111328125, 174.53987121582,1,25
1538.06213378906, 767.840576171875, 174.739807128906,1,25
1550.59167480469, 781.656311035156, 174.539855957031,1,25
1555.00268554688, 797.642150878906, 174.53987121582,1,25
1553.51330566406, 816.760803222656, 174.53987121582,1,25
1548.62585449219, 836.578186035156, 174.53987121582,1,25
1538.31506347656, 851.382629394531, 174.53987121582,1,25
1525.77197265625, 861.347839355469, 174.53987121582,1,25
1510.99914550781, 866.210693359375, 174.53987121582,1,25
1495.55285644531, 860.936279296875, 174.53987121582,1,25
1480.75146484375, 850.962707519531, 174.53987121582,1,25
1467.49169921875, 838.493774414063, 174.739807128906,1,25
1462.61169433594, 822.348205566406, 174.548812866211,1,25
1460.03857421875, 806.489318847656, 174.53987121582,1,25
1448.38854980469, 801.429077148438, 174.53987121582,1,25
1446.65551757813, 819.076965332031, 174.53987121582,1,25
1449.16589355469, 837.639892578125, 174.53987121582,1,25
1453.21447753906, 855.936645507813, 174.53987121582,1,25
1459.28771972656, 874.604736328125, 174.53987121582,1,25
1465.20104980469, 891.92041015625, 174.53987121582,1,25
1469.00085449219, 909.356628417969, 174.53987121582,1,25
1467.74182128906, 926.642211914063, 174.53987121582,1,25
1452.66552734375, 939.786499023438, 174.53987121582,1,25
1437.88806152344, 952.030944824219, 174.539886474609,1,25
1424.26354980469, 961.296081542969, 174.53987121582,1,25
1409.17492675781, 969.038879394531, 174.53987121582,1,25
1392.88403320313, 977.372009277344, 174.53987121582,1,25
1378.17883300781, 986.670837402344, 174.539886474609,1,25
1362.86804199219, 998.8681640625, 174.53987121582,1,25
1347.984375, 1008.40997314453, 174.53987121582,1,25
1335.48876953125, 1022.68481445313, 174.53987121582,1,25
1330.32727050781, 1052.67639160156, 174.539886474609,1,25
1339.17761230469, 1069.06359863281, 174.539886474609,1,25
1351.24499511719, 1082.78015136719, 174.539886474609,1,25
1364.30102539063, 1093.59716796875, 175.038177490234,1,25
1379.21862792969, 1104.94458007813, 181.565811157227,1,25
endsave()
1394.80212402344, 1116.14111328125, 184.49137878418,1,25
1423.94067382813, 1163.82885742188, 184.491546630859,1,25
1419.43212890625, 1141.12854003906, 184.491546630859,1,25
1427.52221679688, 1119.07067871094, 184.491546630859,1,25
1442.62976074219, 1101, 184.49153137207,1,25
1463.49462890625, 1101.56311035156, 184.491546630859,1,25
1484.48315429688, 1107.11840820313, 184.491546630859,1,25
1508.12683105469, 1103.00634765625, 184.491546630859,1,25
1529.181640625, 1113.6025390625, 184.491546630859,1,25
1537.98217773438, 1133.42199707031, 184.491546630859,1,25
1537.70629882813, 1161.85852050781, 186.465148925781,1,25
1526.18566894531, 1182.19372558594, 185.614135742188,1,25
1502.40612792969, 1193.81506347656, 186.491561889648,1,25
1483.38562011719, 1205.89331054688, 185.84880065918,1,25
1478.99975585938, 1230.1552734375, 186.491241455078,1,25
1483.54406738281, 1253.73828125, 186.491592407227,1,25
1491.34838867188, 1271.76306152344, 184.491546630859,1,25
1473.75024414063, 1289.50158691406, 184.491546630859,1,25
1448.19775390625, 1291.78894042969, 186.491577148438,1,25
1425.35534667969, 1290.89685058594, 186.491546630859,1,25
1399.95764160156, 1293.05981445313, 186.421691894531,1,25
1373.92724609375, 1292.94079589844, 185.318786621094,1,25
1348.3779296875, 1293.40979003906, 184.881866455078,1,25
1322.82922363281, 1292.85388183594, 184.881866455078,1,25
endsave()
1297.28674316406, 1292.12927246094, 184.881866455078,1,25
1272.70520019531, 1291.50817871094, 184.491683959961,1,25
1242.8173828125, 1290.98681640625, 184.491577148438,1,25
1214.85815429688, 1291.60546875, 184.491546630859,1,25
1193.97534179688, 1303.78479003906, 184.491546630859,1,25
1183.53234863281, 1326.93920898438, 184.491546630859,1,25
1174.63708496094, 1351.64758300781, 184.491561889648,1,25
1154.36499023438, 1368.74328613281, 184.491546630859,1,25
1137.01599121094, 1386.72778320313, 184.491546630859,1,25
1122.72509765625, 1408.22900390625, 184.491546630859,1,25
1108.5302734375, 1430.5048828125, 184.491546630859,1,25
1090.70874023438, 1452.05944824219, 184.491546630859,1,25
1079.32653808594, 1475.54162597656, 184.491546630859,1,25
1081.71325683594, 1498.9208984375, 184.491714477539,1,25
1090.96545410156, 1524.62182617188, 184.49169921875,1,25
1111.97729492188, 1542.00891113281, 184.487808227539,1,25
1139.93383789063, 1544.44262695313, 184.49169921875,1,25
1166.32690429688, 1534.15380859375, 184.49169921875,1,25
1177.43359375, 1512.86096191406, 184.49169921875,1,25
1178.50122070313, 1483.47766113281, 184.49169921875,1,25
1177.35571289063, 1457.009765625, 184.491714477539,1,25
1168.01220703125, 1434.18957519531, 184.49169921875,1,25
1148.81164550781, 1410.65173339844, 184.491546630859,1,25
_townportal()
sleep=500