TakeWPAdv=19
MonsterList=Scavenger_C|LacuniMale_A|FallenGrunt_A|FallenShaman_A|sandWasp_A|FallenChampion_A|Goblin|Uber|FallenHound_B|FallenHound_A|FallenHound_c|FallenHound_D|SandShark_A|SandShark_B|SandShark_|sandWasp_B|Triune_Summonable_C|TriuneCultist_C|TriuneCultist_D|TriuneVessel_C|Triune_Summonable_D|Triune_Berserker_C|Triune_Berserker_B|TriuneSummoner_C|caOut_StingingWinds_Barricade_A|LacuniFemale_A|DuneDervish_B|FallenGrunt_B|Bloodhawk_A|snakeMan_Melee_A|snakeMan_Caster_A|FallenChampion_B|DuneDervish_A|FallenShaman_B|Khamsin_snakeman_melee|electricEel_A|FallenShaman_A_Unique_MiniPools|DuneDervish|FallenLunatic_A|Skeleton_
AutoBuff=True
attackrange=50
Sleep=500
2749.60888671875, 1623.23815917969, 185.843185424805, 1, 25
2741.10131835938, 1619.73388671875, 185.060363769531, 1, 25
2733.6708984375, 1631.29455566406, 184.539886474609, 1, 25
2731.724609375, 1647.18188476563, 184.66716003418, 1, 25
2725.68579101563, 1665.35363769531, 184.092529296875, 1, 25
2717.08056640625, 1675.67907714844, 184.185104370117, 1, 25
2702.18505859375, 1676.94787597656, 184.185104370117, 1, 25
2688.09155273438, 1674.74365234375, 184.185104370117, 1, 25
2672.52026367188, 1673.63977050781, 184.185104370117, 1, 25
2658.35717773438, 1671.96716308594, 184.185104370117, 1, 25
2644.86669921875, 1666.69091796875, 184.185104370117, 1, 25
2641.18432617188, 1653.82678222656, 184.185104370117, 1, 25
2640.77880859375, 1636.87939453125, 184.185104370117, 1, 25
2639.19702148438, 1619.99609375, 184.305435180664, 1, 25
2637.37719726563, 1603.58471679688, 184.402648925781, 1, 25
2632.6337890625, 1578.19519042969, 184.690414428711, 1, 25
2629.38989257813, 1556.14562988281, 186.499740600586, 1, 25
2630.89379882813, 1540.13134765625, 186.690414428711, 1, 25
2645.296875, 1533.4853515625, 187.085220336914, 1, 25
2659.099609375, 1528.47399902344, 187.035400390625, 1, 25
2680.3671875, 1531.75500488281, 185.012329101563, 1, 25
2692.29565429688, 1525.89624023438, 184.17497253418, 1, 25
2681.25903320313, 1515.40075683594, 184.361083984375, 1, 25
2666.3125, 1511.12145996094, 184.329803466797, 1, 25
2649.2705078125, 1505.9794921875, 184.505035400391, 1, 25
2639.7392578125, 1493.58215332031, 184.642211914063, 1, 25
2635.97387695313, 1478.44482421875, 184.690032958984, 1, 25
2633.43383789063, 1462.58312988281, 184.62255859375, 1, 25
2632.74389648438, 1446.09509277344, 184.622528076172, 1, 25
2628.65014648438, 1434.38537597656, 184.779815673828, 1, 25
2615.52783203125, 1426.72009277344, 186.824554443359, 1, 25
2600.51977539063, 1431.07092285156, 185.052810668945, 1, 25
2588.5771484375, 1444.22570800781, 184.622497558594, 1, 25
2579.84594726563, 1459.28051757813, 184.622512817383, 1, 25
2571.18701171875, 1475.8935546875, 184.622497558594, 1, 25
2561.91235351563, 1487.90234375, 184.661911010742, 1, 25
2550.25463867188, 1501.42016601563, 184.690414428711, 1, 25
2540.23803710938, 1513.93408203125, 184.622497558594, 1, 25
2526.740234375, 1521.68017578125, 184.690414428711, 1, 25
2511.94116210938, 1528.90600585938, 184.690414428711, 1, 25
2500.33569335938, 1539.98767089844, 184.6904296875, 1, 25
2493.17749023438, 1554.50793457031, 184.690414428711, 1, 25
2500.865234375, 1567.91027832031, 184.690414428711, 1, 25
2511.2529296875, 1578.93371582031, 184.878173828125, 1, 25
2525.11254882813, 1587.83410644531, 185.81672668457, 1, 25
2540.39526367188, 1595.18176269531, 186.690414428711, 1, 25
2549.39624023438, 1605.20593261719, 186.86506652832, 1, 25
2540.68530273438, 1619.42504882813, 185.104095458984, 1, 25
2524.59716796875, 1625.88977050781, 184.9052734375, 1, 25
2506.10375976563, 1627.63586425781, 184.690399169922, 1, 25
2486.97875976563, 1623.2216796875, 184.690399169922, 1, 25
2473.02172851563, 1611.32275390625, 184.690399169922, 1, 25
2471.58081054688, 1596.71032714844, 185.029968261719, 1, 25
2461.28344726563, 1584.38391113281, 184.591903686523, 1, 25
2448.220703125, 1578.65502929688, 184.302551269531, 1, 25
2434.21215820313, 1569.29858398438, 190.600128173828, 1, 25
2419.89819335938, 1559.42993164063, 196.136917114258, 1, 25
2406.11938476563, 1552.10546875, 201.263885498047, 1, 25
2389.76928710938, 1546.1416015625, 206.563446044922, 1, 25
2375.01440429688, 1539.7900390625, 209.649932861328, 1, 25
2364.73657226563, 1533.16516113281, 209.651123046875, 1, 25
2356.82983398438, 1518.73413085938, 208.668304443359, 1, 25
2354.05541992188, 1500.53503417969, 207.651138305664, 1, 25
2357.69921875, 1481.73889160156, 207.651153564453, 1, 25
2357.1826171875, 1464.37731933594, 207.47624206543, 1, 25
2347.56689453125, 1448.60864257813, 207.476226806641, 1, 25
2331.08666992188, 1438.90856933594, 207.476226806641, 1, 25
2313.08544921875, 1434.25146484375, 207.47624206543, 1, 25
2297.455078125, 1437.78088378906, 207.47624206543, 1, 25
2283.2333984375, 1452.98583984375, 207.47624206543, 1, 25
2269.03588867188, 1462.09020996094, 207.47624206543, 1, 25
2254.08544921875, 1471.82983398438, 207.651138305664, 1, 25
2236.69921875, 1466.49560546875, 207.528564453125, 1, 25
2226.95239257813, 1451.84924316406, 207.47624206543, 1, 25
2222.9365234375, 1430.38330078125, 207.47624206543, 1, 25
2211.83349609375, 1414.52258300781, 207.421722412109, 1, 25
2192.78491210938, 1414.85278320313, 207.421722412109, 1, 25
2178.5, 1406.78295898438, 207.47624206543, 1, 25
2168.38720703125, 1392.70983886719, 207.476257324219, 1, 25
2162.56640625, 1371.78686523438, 207.47624206543, 1, 25
2159.32836914063, 1352.87634277344, 207.47624206543, 1, 25
2159.41284179688, 1334.62841796875, 207.47624206543, 1, 25
2160.86450195313, 1317.76025390625, 207.476226806641, 1, 25
2163.7666015625, 1298.34399414063, 207.47624206543, 1, 25
2167.5068359375, 1277.70385742188, 207.47624206543, 1, 25
2171.31518554688, 1262.5693359375, 207.47624206543, 1, 25
2170.93286132813, 1243.85754394531, 207.47624206543, 1, 25
2161.30200195313, 1229.97033691406, 207.47624206543, 1, 25
2142.56469726563, 1230.11975097656, 209.877105712891, 1, 25
2135.03637695313, 1250.4892578125, 209.652008056641, 1, 25
2129.90600585938, 1266.86083984375, 209.651138305664, 1, 25
2127.115234375, 1284.92590332031, 209.651138305664, 1, 25
2127.15283203125, 1305.43481445313, 209.054565429688, 1, 25
2127.15649414063, 1323.28234863281, 208.803207397461, 1, 25
2129.32934570313, 1341.90051269531, 209.365158081055, 1, 25
2127.57739257813, 1349.76599121094, 209.651153564453, 1, 25
2136.90551757813, 1366.35241699219, 209.230987548828, 1, 25
2134.66064453125, 1380.37072753906, 208.287368774414, 1, 25
2128.36181640625, 1391.59130859375, 209.651123046875, 1, 25
2121.76635742188, 1403.64196777344, 209.52783203125, 1, 25
2123.59252929688, 1417.57104492188, 208.385131835938, 1, 25
2126.50219726563, 1432.44873046875, 209.581405639648, 1, 25
2127.65185546875, 1447.57690429688, 209.623809814453, 1, 25
2129.55004882813, 1462.62939453125, 207.999771118164, 1, 25
2130.78271484375, 1478.63354492188, 209.012924194336, 1, 25
2130.0546875, 1492.41870117188, 208.661590576172, 1, 25
2120.70556640625, 1503.05285644531, 208.368927001953, 1, 25
2109.55932617188, 1497.84375, 208.85807800293, 1, 25
2105.384765625, 1485.05334472656, 209.155624389648, 1, 25
2103.21337890625, 1470.76293945313, 209.124938964844, 1, 25
2101.26000976563, 1455.146484375, 208.577194213867, 1, 25
2098.77270507813, 1441.9345703125, 208.117904663086, 1, 25
2097.4130859375, 1427.27355957031, 207.651138305664, 1, 25
2097.13500976563, 1412.55578613281, 207.651138305664, 1, 25
2119.61645507813, 1350.19885253906, 209.345672607422, 1, 25
2104.8076171875, 1360.45043945313, 207.707946777344, 1, 25
2088.89086914063, 1371.17175292969, 207.651153564453, 1, 25
2071.345703125, 1376.76062011719, 207.622650146484, 1, 25
2060.49487304688, 1392.52734375, 207.564300537109, 1, 25
2057.94677734375, 1413.68200683594, 207.554779052734, 1, 25
2042.8828125, 1420.08862304688, 207.554763793945, 1, 25
2032.46533203125, 1427.69787597656, 207.554763793945, 1, 25
2039.08337402344, 1446.98010253906, 207.554763793945, 1, 25
2047.90991210938, 1463.501953125, 207.554748535156, 1, 25
2052.00927734375, 1483.95288085938, 207.525329589844, 1, 25
2056.8740234375, 1496.62609863281, 207.495819091797, 1, 25
2050.88037109375, 1513.08764648438, 207.502655029297, 1, 25
2035.56213378906, 1523.56787109375, 207.687805175781, 1, 25
2027.30212402344, 1536.27954101563, 207.496551513672, 1, 25
2016.85168457031, 1551.76867675781, 207.231170654297, 1, 25
2001.828125, 1560.18200683594, 207.231170654297, 1, 25
1995.21179199219, 1577.20654296875, 207.231170654297, 1, 25
2003.34008789063, 1591.53186035156, 207.298217773438, 1, 25
2011.01220703125, 1608.49462890625, 207.430679321289, 1, 25
2007.79528808594, 1634.724609375, 207.430694580078, 1, 25
1995.32495117188, 1639.35095214844, 207.231185913086, 1, 25
1987.93188476563, 1622.2529296875, 207.231185913086, 1, 25
1988.76440429688, 1601.0546875, 207.291748046875, 1, 25
1986.97277832031, 1582.87451171875, 207.379547119141, 1, 25
2001.23120117188, 1557.72204589844, 207.231170654297, 1, 25
1985.52990722656, 1552.88793945313, 207.450271606445, 1, 25
1967.38879394531, 1543.35534667969, 207.48210144043, 1, 25
1949.96508789063, 1536.4560546875, 207.476440429688, 1, 25
1932.1728515625, 1528.33666992188, 207.665802001953, 1, 25
1939.57543945313, 1545.62951660156, 207.476257324219, 1, 25
1952.57189941406, 1558.50732421875, 207.47624206543, 1, 25
1966.88403320313, 1575.01916503906, 207.47624206543, 1, 25
1968.63879394531, 1592.923828125, 207.47624206543, 1, 25
1954.37768554688, 1606.03063964844, 207.445739746094, 1, 25
1943.39184570313, 1620.81982421875, 207.231201171875, 1, 25
1924.40588378906, 1622.81787109375, 207.231185913086, 1, 25
1917.12036132813, 1637.04919433594, 207.231201171875, 1, 25
1921.31774902344, 1654.74169921875, 207.231201171875, 1, 25
1930.35717773438, 1672.62414550781, 207.231201171875, 1, 25
1936.27734375, 1689.26831054688, 207.231201171875, 1, 25
1912.90771484375, 1720.61828613281, 207.231201171875, 1, 25
1899.09655761719, 1732.74792480469, 207.54914855957, 1, 25
1885.67028808594, 1739.77258300781, 197.945083618164, 1, 25
1869.37951660156, 1739.44055175781, 194.1396484375, 1, 25
1859.44494628906, 1735.00341796875, 194.1396484375, 1, 25
1872.78210449219, 1755.51342773438, 194.1396484375, 1, 25
1885.68212890625, 1770.23962402344, 194.1396484375, 1, 25
1897.37377929688, 1779.61022949219, 194.1396484375, 1, 25
1880.64953613281, 1766.21667480469, 194.1396484375, 1, 25
1869.96667480469, 1754.82238769531, 194.1396484375, 1, 25
1877.63647460938, 1744.89575195313, 194.1396484375, 1, 25
1895.64111328125, 1737.42724609375, 204.951873779297, 1, 25
1913.44885253906, 1727.25598144531, 207.231201171875, 1, 25
1930.05078125, 1716.77453613281, 207.231170654297, 1, 25
1944.80541992188, 1711.25500488281, 207.231170654297, 1, 25
1958.77294921875, 1717.52136230469, 207.231170654297, 1, 25
1971.14282226563, 1730.986328125, 207.231170654297, 1, 25
1984.76013183594, 1743.59240722656, 207.231170654297, 1, 25
2002.74011230469, 1748.83813476563, 207.625381469727, 1, 25
2018.00756835938, 1749.09582519531, 207.138275146484, 1, 25
2033.52905273438, 1742.32348632813, 207.231170654297, 1, 25
2050.27661132813, 1736.21179199219, 207.231170654297, 1, 25
2067.57299804688, 1734.51440429688, 207.231170654297, 1, 25
2086.1591796875, 1738.05090332031, 207.231170654297, 1, 25
2090.37670898438, 1750.44274902344, 207.344573974609, 1, 25
2089.47094726563, 1767.15173339844, 209.210388183594, 1, 25
2088.3515625, 1785.35534667969, 196.753631591797, 1, 25
2090.45971679688, 1800.8076171875, 194.179107666016, 1, 25
2081.21118164063, 1815.75952148438, 194.459808349609, 1, 25
2066.82836914063, 1825.5, 194.459823608398, 1, 25
2050.05322265625, 1829.80249023438, 194.45979309082, 1, 25
2032.22778320313, 1830.64892578125, 194.45979309082, 1, 25
2015.74072265625, 1831.51477050781, 194.45979309082, 1, 25
1999.43542480469, 1834.10998535156, 194.45979309082, 1, 25
1986.99047851563, 1838.46313476563, 194.45979309082, 1, 25
2000.31909179688, 1836.02587890625, 194.45979309082, 1, 25
2015.80810546875, 1829.15209960938, 194.45979309082, 1, 25
2029.51000976563, 1822.14782714844, 194.459777832031, 1, 25
2046.62854003906, 1819.10791015625, 194.45979309082, 1, 25
2064.2236328125, 1816.16076660156, 194.45979309082, 1, 25
2078.18212890625, 1807.74450683594, 194.430541992188, 1, 25
2086.66455078125, 1794.24621582031, 194.125030517578, 1, 25
2093.43090820313, 1779.86145019531, 201.411499023438, 1, 25
2092.18090820313, 1762.64099121094, 208.963012695313, 1, 25
2086.10400390625, 1736.1953125, 207.231170654297, 1, 25
2076.1201171875, 1722.54248046875, 207.231170654297, 1, 25
2062.15844726563, 1710.12731933594, 207.231170654297, 1, 25
2053.66796875, 1694.82434082031, 207.231170654297, 1, 25
2060.80346679688, 1682.32385253906, 207.231170654297, 1, 25
2076.77685546875, 1683.71545410156, 207.231185913086, 1, 25
2090.6865234375, 1689.61193847656, 207.231170654297, 1, 25
2106.84887695313, 1695.81750488281, 207.231201171875, 1, 25
2123.1171875, 1688.69604492188, 207.231170654297, 1, 25
2139.05639648438, 1678.0224609375, 207.231170654297, 1, 25
2152.150390625, 1666.56750488281, 207.231216430664, 1, 25
2160.21826171875, 1649.65417480469, 207.231201171875, 1, 25
2156.0390625, 1630.75659179688, 207.245056152344, 1, 25
2161.81640625, 1616.06799316406, 207.47624206543, 1, 25
2165.63427734375, 1600.16711425781, 207.651138305664, 1, 25
2166.57641601563, 1581.89868164063, 207.651153564453, 1, 25
2182.23168945313, 1570.26428222656, 207.726989746094, 1, 25
2193.81616210938, 1581.90234375, 207.651138305664, 1, 25
2202.82495117188, 1597.13635253906, 207.651153564453, 1, 25
2216.66870117188, 1609.76831054688, 207.476257324219, 1, 25
2229.34375, 1622.32946777344, 207.476257324219, 1, 25
2243.81884765625, 1634.40942382813, 207.47624206543, 1, 25
2258.26733398438, 1644.86572265625, 207.590530395508, 1, 25
2273.31616210938, 1657.2021484375, 207.651138305664, 1, 25
2288.23828125, 1668.36608886719, 207.476226806641, 1, 25
2304.99584960938, 1672.93139648438, 207.476226806641, 1, 25
2322.515625, 1676.10913085938, 207.47624206543, 1, 25
2339.7119140625, 1672.71899414063, 207.476257324219, 1, 25
2347.4775390625, 1657.26416015625, 207.651138305664, 1, 25
2345.72875976563, 1639.58117675781, 207.651138305664, 1, 25
2342.96264648438, 1622.40209960938, 207.814102172852, 1, 25
2343.19873046875, 1604.13928222656, 207.795227050781, 1, 25
2339.43994140625, 1629.59118652344, 207.851119995117, 1, 25
2343.01928710938, 1612.92346191406, 207.809600830078, 1, 25
2342.69213867188, 1594.18432617188, 207.835754394531, 1, 25
2342.05346679688, 1573.66845703125, 207.744613647461, 1, 25
2345.34985351563, 1554.85620117188, 209.838012695313, 1, 25
2352.89038085938, 1540.43786621094, 209.651138305664, 1, 25
2354.57788085938, 1530.07116699219, 209.651123046875, 1, 25
2347.24169921875, 1513.97119140625, 207.68408203125, 1, 25
2350.36376953125, 1495.14074707031, 207.651138305664, 1, 25
2360.50317382813, 1478.58081054688, 207.651138305664, 1, 25
2347.95629882813, 1466.99279785156, 207.545959472656, 1, 25
2336.59130859375, 1454.53759765625, 207.47624206543, 1, 25
2341.03735351563, 1437.76879882813, 207.47624206543, 1, 25
2354.37646484375, 1428.16003417969, 207.476257324219, 1, 25
2371.82739257813, 1425.57238769531, 207.47624206543, 1, 25
2389.83666992188, 1428.69421386719, 207.476226806641, 1, 25
2406.09838867188, 1433.49060058594, 207.47624206543, 1, 25
2422.0400390625, 1441.4072265625, 207.476257324219, 1, 25
2437.27319335938, 1449.58764648438, 207.47624206543, 1, 25
2454.44091796875, 1451.97045898438, 207.47624206543, 1, 25
2473.53295898438, 1446.29699707031, 207.47624206543, 1, 25
2489.85180664063, 1440.24670410156, 207.47624206543, 1, 25
2506.39624023438, 1432.56799316406, 207.476226806641, 1, 25
2516.29614257813, 1419.62902832031, 207.47624206543, 1, 25
2530.46606445313, 1407.61047363281, 207.47624206543, 1, 25
2544.84814453125, 1397.82922363281, 207.47624206543, 1, 25
2555.1416015625, 1382.83569335938, 207.47624206543, 1, 25
2565.5771484375, 1369.72399902344, 207.476226806641, 1, 25
2567.81469726563, 1353.10168457031, 207.47624206543, 1, 25
2564.72583007813, 1336.68969726563, 207.47624206543, 1, 25
2551.26831054688, 1323.03686523438, 207.47624206543, 1, 25
2537.9951171875, 1312.49194335938, 207.476226806641, 1, 25
2521.03198242188, 1301.74572753906, 207.476257324219, 1, 25
2509.89990234375, 1289.01770019531, 207.47624206543, 1, 25
2500.0087890625, 1273.62573242188, 207.47673034668, 1, 25
2491.54223632813, 1257.15686035156, 207.47624206543, 1, 25
2477.93408203125, 1251.93444824219, 207.47624206543, 1, 25
2459.24829101563, 1256.02941894531, 207.47624206543, 1, 25
2440.83349609375, 1261.42053222656, 207.47624206543, 1, 25
2422.8818359375, 1271.09582519531, 207.577270507813, 1, 25
2409.09521484375, 1284.42004394531, 207.476272583008, 1, 25
2403.63623046875, 1301.21484375, 207.476226806641, 1, 25
2401.28198242188, 1323.39050292969, 207.476257324219, 1, 25
2400.38012695313, 1341.19848632813, 207.47624206543, 1, 25
2404.82763671875, 1359.86401367188, 207.47624206543, 1, 25
2407.04638671875, 1379.79858398438, 207.476257324219, 1, 25
2404.72680664063, 1399.15844726563, 207.47624206543, 1, 25
2391.44677734375, 1404.337890625, 207.47624206543, 1, 25
2397.080078125, 1384.81323242188, 207.476257324219, 1, 25
2399.15112304688, 1364.83947753906, 207.47624206543, 1, 25
2401.90625, 1346.333984375, 207.47624206543, 1, 25
2405.98388671875, 1326.67224121094, 207.476226806641, 1, 25
2409.11010742188, 1307.7392578125, 207.47624206543, 1, 25
2413.09155273438, 1288.05786132813, 207.476226806641, 1, 25
2420.20043945313, 1267.39587402344, 207.577270507813, 1, 25
2426.54077148438, 1248.48669433594, 207.47624206543, 1, 25
2430.67016601563, 1232.27221679688, 207.476226806641, 1, 25
2445.20434570313, 1223.30981445313, 207.47624206543, 1, 25
2461.34399414063, 1214.79443359375, 207.47624206543, 1, 25
2472.52197265625, 1199.81066894531, 207.477310180664, 1, 25
2478.31030273438, 1184.39514160156, 207.478271484375, 1, 25
2482.8056640625, 1165.28051757813, 207.478286743164, 1, 25
2487.47778320313, 1148.21496582031, 207.478286743164, 1, 25
2478.86840820313, 1130.65954589844, 208.089904785156, 1, 25
2487.564453125, 1116.5302734375, 208.615615844727, 1, 25
2502.92431640625, 1112.13781738281, 207.526824951172, 1, 25
2516.51318359375, 1102.240234375, 207.478302001953, 1, 25
2522.79565429688, 1083.29931640625, 207.478332519531, 1, 25
2519.1240234375, 1067.2587890625, 207.567657470703, 1, 25
2504.51147460938, 1059.36303710938, 207.634979248047, 1, 25
2485.48876953125, 1060.29125976563, 207.555358886719, 1, 25
2467.78100585938, 1064.7998046875, 207.523818969727, 1, 25
2450.7099609375, 1066.64221191406, 207.478302001953, 1, 25
2423.740234375, 1071.53955078125, 207.478286743164, 1, 25
2413.66357421875, 1084.24011230469, 207.518188476563, 1, 25
2414.52221679688, 1101.81188964844, 207.542251586914, 1, 25
2402.0966796875, 1109.73498535156, 208.425277709961, 1, 25
2389.9892578125, 1099.80383300781, 208.354843139648, 1, 25
2381.90283203125, 1082.47265625, 207.678100585938, 1, 25
2377.34741210938, 1064.75256347656, 207.692932128906, 1, 25
2371.6416015625, 1046.92346191406, 207.663757324219, 1, 25
2359.80444335938, 1033.23107910156, 207.478286743164, 1, 25
2343.49389648438, 1021.51330566406, 207.478317260742, 1, 25
2328.37353515625, 1012.09130859375, 207.478332519531, 1, 25
2308.69165039063, 1006.30725097656, 207.538055419922, 1, 25
2297.58129882813, 1008.86877441406, 207.706817626953, 1, 25
2303.35766601563, 1027.36950683594, 207.706817626953, 1, 25
2310.541015625, 1045.8564453125, 207.706817626953, 1, 25
2307.4443359375, 1065.24243164063, 207.477691650391, 1, 25
2304.25634765625, 1084.15771484375, 207.585693359375, 1, 25
2297.50244140625, 1101.99926757813, 207.485610961914, 1, 25
2291.3828125, 1117.81494140625, 207.479156494141, 1, 25
2288.65478515625, 1145.27758789063, 207.47819519043, 1, 25
2299.20092773438, 1162.34338378906, 207.478286743164, 1, 25
2312.1201171875, 1175.2060546875, 207.487701416016, 1, 25
2324.01196289063, 1186.64331054688, 207.63102722168, 1, 25
2338.078125, 1198.08276367188, 207.47624206543, 1, 25
2354.49096679688, 1207.08813476563, 207.47624206543, 1, 25
2373.203125, 1216.53515625, 207.47624206543, 1, 25
2391.54272460938, 1243.80590820313, 207.47624206543, 1, 25
2375.5185546875, 1246.62841796875, 207.427368164063, 1, 25
2357.47875976563, 1237.98425292969, 207.42170715332, 1, 25
2342.55151367188, 1229.93481445313, 207.421722412109, 1, 25
2325.93872070313, 1221.25512695313, 207.462554931641, 1, 25
2308.8193359375, 1212.5830078125, 207.47624206543, 1, 25
2291.013671875, 1208.66040039063, 207.476226806641, 1, 25
2271.43310546875, 1207.4375, 207.47624206543, 1, 25
2252.7333984375, 1208.43823242188, 207.47624206543, 1, 25
2234.7216796875, 1214.57666015625, 207.476257324219, 1, 25
2219.34838867188, 1225.30456542969, 207.421722412109, 1, 25
2205.83374023438, 1234.79113769531, 207.421722412109, 1, 25
2192.72021484375, 1243.26525878906, 207.421722412109, 1, 25
2177.33471679688, 1240.828125, 207.47624206543, 1, 25
2160.37646484375, 1231.849609375, 207.476257324219, 1, 25
2146.16333007813, 1220.09692382813, 209.44384765625, 1, 25
2143.55541992188, 1203.69836425781, 208.494445800781, 1, 25
2147.90405273438, 1183.70520019531, 208.081405639648, 1, 25
2156.04541015625, 1167.89624023438, 202.545852661133, 1, 25
2165.60229492188, 1151.81555175781, 196.399566650391, 1, 25
2171.93823242188, 1135.60778808594, 190.720764160156, 1, 25
2179.92919921875, 1118.65466308594, 183.960678100586, 1, 25
2187.13134765625, 1101.39807128906, 178.71826171875, 1, 25
2187.65063476563, 1083.40234375, 175.168060302734, 1, 25
2177.17749023438, 1067.54345703125, 171.899978637695, 1, 25
2160.12255859375, 1058.88342285156, 169.903015136719, 1, 25
2142.03637695313, 1052.51831054688, 170.056427001953, 1, 25
2124.69946289063, 1051.83728027344, 168.678863525391, 1, 25
2108.72680664063, 1050.12585449219, 168.994018554688, 1, 25
2091.7734375, 1049.74963378906, 168.415512084961, 1, 25
2072.5830078125, 1049.63391113281, 168.415557861328, 1, 25
2053.8447265625, 1050.09106445313, 168.627105712891, 1, 25
2035.5625, 1050.84191894531, 170.242156982422, 1, 25
2016.83422851563, 1051.16418457031, 171.868774414063, 1, 25
2001.66296386719, 1043.830078125, 171.975158691406, 1, 25
1988.021484375, 1032.40759277344, 170.012161254883, 1, 25
1977.68151855469, 1018.46514892578, 169.756423950195, 1, 25
1984.44958496094,1001.37536621094,171.705062866211,1,25
1997.98876953125,1018.92980957031,169.756439208984,1,25
2004.82885742188,1032.92456054688,170.066329956055,1,25
2008.03527832031,1048.66235351563,172.056442260742,1,25
2011.60791015625,1065.61303710938,170.27848815918,1,25
2019.20361328125,1080.51025390625,169.756439208984,1,25
2031.041015625,1093.06359863281,169.984985351563,1,25
2038.84985351563,1105.6650390625,170.008010864258,1,25
2042.09887695313,1121.24462890625,170.610366821289,1,25
2034.3681640625,1135.19519042969,170.506164550781,1,25
2017.91162109375,1142.703125,170.276641845703,1,25
2002.12976074219,1150.69982910156,170.811065673828,1,25
1983.68688964844,1152.04431152344,170.414764404297,1,25
1967.46496582031,1154.79760742188,169.798370361328,1,25
1969.11462402344, 1150.86853027344, 169.830429077148,1,25
1955.45153808594, 1156.15344238281, 169.985046386719,1,25
1941.26782226563, 1161.09973144531, 170.060424804688,1,25
1935.27978515625, 1174.46411132813, 169.984985351563,1,25
1939.22692871094,1192.49768066406,169.984970092773,1,25
1934.56140136719,1208.76330566406,170.179504394531,1,25
1927.91833496094,1224.74841308594,170.179504394531,1,25
1919.43811035156,1240.76770019531,170.179504394531,1,25
1902.83874511719,1242.45874023438,170.179504394531,1,25
1888.46374511719,1252.41076660156,170.179489135742,1,25
1881.15417480469,1267.63293457031,170.179504394531,1,25
1879.25927734375,1284.35302734375,170.179489135742,1,25
1876.65661621094,1301.05346679688,170.401626586914,1,25
1869.2021484375,1316.02966308594,170.179412841797,1,25
1854.24157714844,1328.5126953125,170.179443359375,1,25
1842.80407714844,1340.87414550781,170.179489135742,1,25
1832.29443359375,1353.63061523438,170.179504394531,1,25
1835.69128417969, 1358.43103027344, 170.179504394531,1,25
1836.73608398438, 1384.53479003906, 170.17951965332,1,25
1839.32971191406, 1398.72570800781, 170.179061889648,1,25
1826.18090820313, 1408.41381835938, 170.178634643555,1,25
1809.68786621094, 1405.30029296875, 170.179656982422,1,25
1801.61682128906, 1395.39099121094, 170.314086914063,1,25
1799.2685546875, 1381.14685058594, 170.179504394531,1,25
1799.75524902344, 1366.31079101563, 170.179504394531,1,25
1812.66638183594, 1357.60083007813, 170.179504394531,1,25
1839.30004882813, 1346.65148925781, 170.179504394531,1,25
1844.85961914063,1341.64196777344,170.179473876953,1,25
1854.837890625,1325.06750488281,170.179428100586,1,25
1861.36975097656,1308.22326660156,170.179260253906,1,25
1868.12902832031, 1302.75854492188, 170.179412841797,1,25
1879.61254882813, 1292.48352050781, 170.179473876953,1,25
1888.34130859375, 1279.76147460938, 170.627593994141,1,25
1893.37451171875, 1267.28967285156, 170.850021362305,1,25
1894.92321777344, 1254.04357910156, 170.179489135742,1,25
1885.31530761719, 1243.12243652344, 170.179504394531,1,25
1872.10461425781, 1235.20129394531, 170.179489135742,1,25
1840.1904296875,1232.8681640625,170.179504394531,1,25
1830.49426269531,1216.60986328125,170.17919921875,1,25
1823.3525390625,1182.60961914063,170.163635253906,1,25
1811.98132324219,1173.45935058594,169.961059570313,1,25
1797.083984375,1176.23486328125,169.969757080078,1,25
1781.20104980469,1187.6181640625,169.984954833984,1,25
1761.08447265625,1187.96228027344,169.984954833984,1,25
1753.92858886719,1174.10314941406,169.984954833984,1,25
1751.251953125,1155.80151367188,169.817321777344,1,25
1751.37890625,1139.30395507813,169.756576538086,1,25
1758.0478515625,1124.14758300781,169.756469726563,1,25
1768.93444824219,1111.25866699219,169.756469726563,1,25
1782.95739746094,1100.49621582031,169.756469726563,1,25
1798.62951660156,1094.41333007813,169.938049316406,1,25
1814.44519042969,1089.62487792969,172.046844482422,1,25
1830.81262207031,1089.01245117188,170.123077392578,1,25
1849.08935546875,1091.84765625,171.8544921875,1,25
1867.89428710938,1094.03051757813,172.056457519531,1,25
1884.72766113281,1095.82287597656,171.57780456543,1,25
1897.55908203125,1109.09985351563,169.801010131836,1,25
1904.02673339844,1125.92028808594,169.984985351563,1,25
1907.646484375,1113.82165527344,169.756484985352,1,25
1912.75512695313,1096.03894042969,170.009323120117,1,25
1920.63305664063,1081.61999511719,170.027099609375,1,25
1930.60693359375,1065.04064941406,171.688095092773,1,25
1938.79443359375,1051.15063476563,171.735687255859,1,25
1950.10668945313,1037.56689453125,171.833450317383,1,25
1963.67065429688,1027.61767578125,170.031982421875,1,25
1974.20446777344,1015.18670654297,169.756408691406,1,25
1982.26379394531,996.004943847656,171.713592529297,1,25
1993.90588378906,981.395446777344,169.756408691406,1,25
2007.03759765625,969.506286621094,169.756439208984,1,25
2017.12377929688,955.593322753906,169.756439208984,1,25
2036.36682128906, 938.747863769531, 169.756439208984,1,25
2045.05712890625, 926.313232421875, 169.756423950195,1,25
2049.515625, 908.950561523438, 169.756439208984,1,25
2051.72705078125, 892.595947265625, 169.756439208984,1,25
2046.62646484375, 876.229553222656, 169.756439208984,1,25
2035.74792480469, 864.540893554688, 169.956436157227,1,25
2021.05847167969, 854.483093261719, 169.915084838867,1,25
2006.93688964844, 844.39892578125, 169.756439208984,1,25
1995.9150390625, 833.9931640625, 169.756439208984,1,25
1978.57214355469, 832.988220214844, 169.757278442383,1,25
1975.265625, 848.67236328125, 169.756454467773,1,25
1969.6513671875, 866.5361328125, 169.956436157227,1,25
1968.48388671875,827.714660644531,169.957916259766,1,25
1960.97985839844,844.864685058594,169.756866455078,1,25
1951.46850585938,858.161560058594,169.756439208984,1,25
1937.43762207031,868.113647460938,169.756439208984,1,25
1927.48937988281,880.801330566406,169.756439208984,1,25
1920.71594238281,897.552001953125,169.756439208984,1,25
1911.87744140625,913.29296875,169.756439208984,1,25
1901.85961914063,927.429382324219,169.756439208984,1,25
1890.37670898438,939.244323730469,169.756439208984,1,25
1876.01672363281,948.780456542969,169.756439208984,1,25
1859.59289550781,951.360534667969,169.756439208984,1,25
1842.25146484375,957.298583984375,169.756439208984,1,25
1824.34106445313,966.507446289063,169.756439208984,1,25
1804.390625,972.41015625,169.756423950195,1,25
1792.18713378906,961.493957519531,169.756439208984,1,25
1791.4853515625,946.568725585938,169.756439208984,1,25
1801.3388671875,933.609313964844,169.756439208984,1,25
1815.36791992188,923.557434082031,169.779312133789,1,25
1826.13159179688,911.745971679688,169.835784912109,1,25
1834.52258300781,897.559936523438,169.802734375,1,25
1844.2939453125,882.777954101563,169.767639160156,1,25
1857.60400390625,868.801086425781,169.756439208984,1,25
1872.28112792969,859.618286132813,169.756439208984,1,25
1888.16223144531,855.743591308594,169.756439208984,1,25
1899.82629394531,844.399047851563,169.759185791016,1,25
1906.46801757813,826.995971679688,169.158248901367,1,25