MonsterList=Ghost_C_Event|snakeMan_Caster_B|FallenGrunt_A|FallenLunatic_A|sandWasp_A|FallenChampion_A|SandShark_A|Goblin|Uber|SandShark_B|SandShark_|sandWasp_B|Triune_Summonable_C|TriuneCultist_C|TriuneCultist_D|TriuneVessel_C|Triune_Summonable_D|Triune_Berserker_C|Triune_Berserker_B|TriuneSummoner_C|caOut_StingingWinds_Barricade_A|LacuniFemale_A|DuneDervish_B|FallenLunatic_B|FallenGrunt_B|Bloodhawk_A|snakeMan_Melee_A|snakeMan_Melee_B|FallenLunatic_C|snakeMan_Caster_A|FallenChampion_B|DuneDervish_A|FallenShaman_B|FallenShaman_|Khamsin_snakeman_melee|electricEel_A|FallenShaman_A_Unique_MiniPools|Barrel_|DuneDervish|DuneDervish_B_Unique_Uber|Skeleton_C|Corpulent_C|FallenHound_B|FallenHound_A|FallenHound_c|FallenHound_D|Skeleton_
BanList=
AutoBuff=True
usepath=false
revive=false
303.317596435547, 290.656829833984, 0.100003816187382,1,25
288.147491455078, 267.484558105469, 0.100003823637962,1,25
251.446884155273, 254.832702636719, -0.248414322733879,1,25
206.633972167969, 251.037673950195, -6.02314710617065,1,25
InteractBossPortal=g_Portal_ArchTall_Orange_IconDoor
sleep=1000
endsave()
offsetlist()
usepath=false
3452.12084960938, 1741.05615234375, 250.749389648438,1,25
3452.12084960938, 1741.05615234375, 250.749389648438,1,25
3460.37280273438, 1712.91650390625, 250.749389648438,1,25
3471.81567382813, 1672.27868652344, 250.749389648438,1,25
3462.79541015625, 1626.34948730469, 250.749374389648,1,25
3482.68383789063, 1597.3134765625, 250.749389648438,1,25
3504.79443359375, 1567.59680175781, 250.545913696289,1,25
3535.10083007813, 1573.08984375, 250.671661376953,1,25
3560.44799804688, 1583.0185546875, 250.749389648438,1,25
3564.08862304688, 1614.38354492188, 251.138671875,1,25
3570.06396484375, 1573.76098632813, 250.545913696289,1,25
3588.92260742188, 1548.29602050781, 250.5458984375,1,25
3571.67041015625, 1507.13391113281, 250.545913696289,1,25
3569.513671875, 1500.95556640625, 250.545913696289,1,25
3569.513671875, 1500.95556640625, 250.545913696289,1,25
3569.2177734375, 1499.1953125, 250.545928955078,1,25
3568.9306640625, 1497.43359375, 250.545913696289,1,25
3568.6435546875, 1495.671875, 250.545913696289,1,25
3568.6435546875, 1495.671875, 250.545913696289,1,25
3567.71044921875, 1489.9462890625, 250.545928955078,1,25
3567.71044921875, 1489.9462890625, 250.545928955078,1,25
3567.42333984375, 1488.1845703125, 250.545913696289,1,25
3566.84912109375, 1484.6611328125, 250.545928955078,1,25
3566.56201171875, 1482.8994140625, 250.5458984375,1,25
3563.38110351563, 1455.49475097656, 254.519561767578,1,25
3563.44555664063, 1450.13928222656, 255.288391113281,1,25
3563.44555664063, 1450.13928222656, 255.288391113281,1,25
3563.51000976563, 1444.78381347656, 256.034057617188,1,25
3563.51000976563, 1444.78381347656, 256.034057617188,1,25
3563.53149414063, 1442.99865722656, 256.282653808594,1,25
3563.55297851563, 1441.21350097656, 256.530456542969,1,25
3563.61743164063, 1435.85803222656, 257.363189697266,1,25
3563.66577148438, 1431.84143066406, 258.019378662109,1,25
3563.73022460938, 1426.48596191406, 258.601013183594,1,25
3563.87890625, 1407.74182128906, 258.943542480469,1,25
3564.048828125, 1359.98889160156, 259.138732910156,1,25
sleep=2500
closewindows()
sleep=500
closewindows()
sleep=500
closewindows()
sleep=3500
InteractBossPortal=g_Portal_ArchTall_Orange
sleep=1000
endsave()
offsetlist()
usepath=false
specialml=Kamyr
575.591552734375, 901.111938476563, -29.6708316802979,1,25
575.960205078125, 892.193481445313, -29.6708316802979,1,25
577.454284667969, 856.07373046875, -29.6708316802979,1,25
593.454223632813, 832.953552246094, -29.6708297729492,1,25
610.929809570313, 829.307922363281, -29.6708316802979,1,25
619.262329101563, 806.713623046875, -21.9004554748535,1,25
616.072082519531, 779.785034179688, -14.899995803833,1,25
620.2548828125, 754.291381835938, -3.06202268600464,1,25
614.09228515625, 720.568054199219, 0.100000023841858,1,25
613.822204589844, 681.334228515625, 0.100000001490116,1,25
614.835144042969, 640.733032226563, 0.100000001490116,1,25
614.31982421875, 601.018737792969, -0.0396129116415977,1,25
613.822204589844, 681.334228515625, 0.100000001490116,1,25
614.835144042969, 640.733032226563, 0.100000001490116,1,25
614.31982421875, 601.018737792969, -0.0396129116415977,1,25
613.413696289063, 562.220397949219, -0.0396128594875336,1,25
590.711303710938, 563.838928222656, -0.0396128557622433,1,25
561.746154785156, 562.215454101563, -0.0396128445863724,1,25
530.779357910156, 558.089172363281, 0.100000001490116,1,25
494.3544921875, 556.634033203125, 0.100000008940697,1,25
494.3544921875, 556.634033203125, 0.100000008940697,1,25
455.041778564453, 559.220703125, 0.100000619888306,1,25
417.584136962891, 557.706970214844, 0.100000940263271,1,25
417.584136962891, 557.706970214844, 0.100000940263271,1,25
371.376922607422, 555.802001953125, 0.100000366568565,1,25
331.662628173828, 556.49951171875, 0.100000470876694,1,25
244.539398193359, 559.377197265625, 7.37380313873291,1,25
244.539398193359, 559.377197265625, 7.37380313873291,1,25
sleep=2500
closewindows()
sleep=500
closewindows()
sleep=500
closewindows()
sleep=5000
endsave()
InteractBossPortal=Boss_Portal_Belial
sleep=3000
closewindows()
sleep=500
closeconfirm()
sleep=3000
endsave()
offsetlist()
usepath=false
specialml=Belial
804.3125, 785.439453125, 0.100000955164433,1,25
802.578125, 785.86181640625, 0.100000649690628,1,25
802.578125, 785.86181640625, 0.100000649690628,1,25
800.861083984375, 786.349853515625, 0.100000634789467,1,25
800.861083984375, 786.349853515625, 0.100000634789467,1,25
799.7763671875, 787.767822265625, 0.100000955164433,1,25
799.7763671875, 787.767822265625, 0.100000955164433,1,25
799.400512695313, 789.244506835938, 0.100000955164433,1,25
799.400512695313, 789.244506835938, 0.100000955164433,1,25
797.815612792969, 790.0400390625, 0.100000940263271,1,25
797.815612792969, 790.0400390625, 0.100000940263271,1,25
796.388610839844, 791.112548828125, 0.100000955164433,1,25
796.388610839844, 791.558837890625, 0.100000962615013,1,25
796.388610839844, 791.558837890625, 0.100000962615013,1,25
796.382507324219, 792.451354980469, 0.100000955164433,1,25
796.382507324219, 792.451354980469, 0.100000955164433,1,25
795.49853515625, 793.927734375, 0.100000604987144,1,25
795.49853515625, 793.927734375, 0.100000604987144,1,25
794.236328125, 795.18994140625, 0.100000366568565,1,25
794.236328125, 795.18994140625, 0.100000366568565,1,25
796.00439453125, 794.944274902344, 0.100000411272049,1,25
796.00439453125, 794.944274902344, 0.100000411272049,1,25
797.2021484375, 796.012145996094, 0.100000835955143,1,25
797.2021484375, 796.012145996094, 0.100000835955143,1,25
sleep=1000
closewindows()
sleep=500
closeconfirm()
sleep=1000
798.685485839844, 796.992309570313, 0.100000955164433,1,25
798.685485839844, 796.992309570313, 0.100000955164433,1,25
800.275146484375, 797.138122558594, 0.100000947713852,1,25
800.275146484375, 797.138122558594, 0.100000947713852,1,25
801.809631347656, 796.831237792969, 0.100000955164433,1,25
801.809631347656, 796.831237792969, 0.100000955164433,1,25
803.540710449219, 796.796081542969, 0.100000686943531,1,25
803.540710449219, 796.796081542969, 0.100000686943531,1,25
803.540710449219, 796.796081542969, 0.100000686943531,1,25
804.469482421875, 795.482299804688, 0.100000753998756,1,25
804.330139160156, 794.150756835938, 0.100000701844692,1,25
sleep=1000
closewindows()
sleep=10000
endsave()
specialml=Belial|a2dun_Cald_Belial_Room_A_Breakable_section_|a2dun_Cald_Belial_Room_A_Breakable_phys_|a2dun_Cald_Belial_Room_A_Breakable_Center_1st_Hit|a2dun_Cald_Belial_Room_A_Breakable_Center_2nd_Hit
798.685485839844, 796.992309570313, 0.100000955164433,1,25
798.685485839844, 796.992309570313, 0.100000955164433,1,25
800.275146484375, 797.138122558594, 0.100000947713852,1,25
800.275146484375, 797.138122558594, 0.100000947713852,1,25
801.809631347656, 796.831237792969, 0.100000955164433,1,25
801.809631347656, 796.831237792969, 0.100000955164433,1,25
803.540710449219, 796.796081542969, 0.100000686943531,1,25
803.540710449219, 796.796081542969, 0.100000686943531,1,25
803.540710449219, 796.796081542969, 0.100000686943531,1,25
804.469482421875, 795.482299804688, 0.100000753998756,1,25
804.330139160156, 794.150756835938, 0.100000701844692,1,25
sleep=5000
InteractByActorName=Belial_BSS_soul
sleep=3000
closewindows()
sleep=500
closeconfirm()
sleep=2000
817.446655273438, 792.63134765625, 0.100000068545341,1,25
809.83203125, 803.097106933594, 0.100000061094761,1,25
809.83203125, 803.097106933594, 0.100000061094761,1,25
812.550231933594, 810.9541015625, 0.100000955164433,1,25
806.765319824219, 813.314636230469, 0.100000306963921,1,25
endsave()
offsetlist()
sleep=500
specialml=Goblin|brickhouse_|WoodWraith_|Siege_wallMonster|DuneDervish_|Ghost_|Lamprey_|SkeletonSummoner_|Uber
sleep=500
_townportal()
sleep=500