TakeWPAdv=22
MonsterList=x1_SpeedKill_Gluttony|Ghoul_|FallenGrunt_A|FallenHound_B|FallenHound_A|FallenHound_c|FallenHound_D|sandWasp_A|FallenChampion_A|SandShark_A|sandWasp_B|Triune_Summonable_C|TriuneCultist_C|TriuneCultist_D|TriuneVessel_C|Triune_Summonable_D|Triune_Berserker_C|Triune_Berserker_B|TriuneSummoner_C|LacuniFemale_A|DuneDervish_B|FallenGrunt_B|Bloodhawk_A|snakeMan_Melee_A|snakeMan_Caster_A|FallenChampion_B|DuneDervish_A|FallenShaman_B|Khamsin_snakeman_melee|electricEel_A|FallenShaman_A_Unique_MiniPools|Goblin|Uber|DuneDervish|TriuneVesselActivated_C|TriuneCultist_C|TriuneCultist_D|Skeleton_
AutoBuff=True
UsePath=false
attackrange=45
Sleep=500
1432.79028320313, 1170.58715820313, 184.582427978516, 1, 25
1438.59094238281, 1149.29479980469, 184.491546630859, 1, 25
1440.72033691406, 1128.60583496094, 184.491546630859, 1, 25
1453.58862304688, 1114.63061523438, 184.491546630859, 1, 25
1474.15466308594, 1125.99304199219, 184.491546630859, 1, 25
1485.6923828125, 1146.36987304688, 184.491561889648, 1, 25
1502.73876953125, 1144.84545898438, 184.491546630859, 1, 25
1519.39611816406, 1133.42797851563, 184.491546630859, 1, 25
1537.60546875, 1152.00048828125, 185.216003417969, 1, 25
1557.10595703125, 1166.06848144531, 186.491577148438, 1, 25
1578.37109375, 1158.31665039063, 185.093902587891, 1, 25
1591.63854980469, 1148.75415039063, 179.816650390625, 1, 25
1605.19873046875, 1147.88537597656, 176.901397705078, 1, 25
1591.580078125, 1158.63610839844, 182.932495117188, 1, 25
1570.36157226563, 1164.66613769531, 186.463745117188, 1, 25
1561.43420410156, 1180.09936523438, 185.878158569336, 1, 25
1566.18579101563, 1201.86254882813, 184.49153137207, 1, 25
1556.23706054688, 1224.62365722656, 184.49153137207, 1, 25
1549.5888671875, 1246.36145019531, 184.49153137207, 1, 25
1526.546875, 1255.58752441406, 184.491546630859, 1, 25
1503.62390136719, 1249.78649902344, 184.491546630859, 1, 25
1482.55932617188, 1235.93591308594, 186.491577148438, 1, 25
1456.50903320313, 1236.30078125, 185.26188659668, 1, 25
1457.04064941406, 1260.83178710938, 186.456298828125, 1, 25
1464.38745117188, 1282.13586425781, 185.73664855957, 1, 25
1452.34765625, 1293.86401367188, 186.491577148438, 1, 25
1430.01989746094, 1296.17956542969, 186.491546630859, 1, 25
1406.28381347656, 1293.60424804688, 186.46647644043, 1, 25
1380.61376953125, 1293.84643554688, 185.366424560547, 1, 25
1358.48547363281, 1293.97314453125, 185.098480224609, 1, 25
1336.85034179688, 1292.81433105469, 184.881866455078, 1, 25
1312.18273925781, 1290.48327636719, 184.881866455078, 1, 25
endsave()
1290.9443359375, 1289.92297363281, 184.881866455078, 1, 25
1268.46862792969, 1291.57727050781, 184.49169921875, 1, 25
1246.94812011719, 1293.80285644531, 184.491668701172, 1, 25
1224.06530761719, 1288.82116699219, 184.491546630859, 1, 25
1202.72009277344, 1285.64379882813, 184.491546630859, 1, 25
1187.20397949219, 1299.92309570313, 184.491546630859, 1, 25
1183.84130859375, 1323.96667480469, 184.491546630859, 1, 25
1176.837890625, 1347.88952636719, 184.491546630859, 1, 25
1152.79321289063, 1362.49475097656, 184.491546630859, 1, 25
1131.66235351563, 1373.78259277344, 184.491546630859, 1, 25
1122.90588378906, 1394.04577636719, 184.491546630859, 1, 25
1114.84326171875, 1415.53857421875, 184.491546630859, 1, 25
1108.82983398438, 1440.00451660156, 184.491546630859, 1, 25
1102.27294921875, 1460.67358398438, 184.491546630859, 1, 25
1097.16479492188, 1485.37219238281, 184.491683959961, 1, 25
1091.56604003906, 1506.32299804688, 184.49169921875, 1, 25
1093.68005371094, 1528.64538574219, 184.491683959961, 1, 25
1103.52099609375, 1546.77673339844, 184.49169921875, 1, 25
1125.04797363281, 1545.22216796875, 184.49169921875, 1, 25
1150.86962890625, 1537.36560058594, 184.49169921875, 1, 25
1169.97326660156, 1517.98449707031, 184.49169921875, 1, 25
1177.11145019531, 1495.31127929688, 184.49169921875, 1, 25
1178.43481445313, 1472.82592773438, 184.49169921875, 1, 25
1173.19030761719, 1448.70349121094, 184.49169921875, 1, 25
1160.39758300781, 1427.04309082031, 184.49169921875, 1, 25
1141.16455078125, 1417.26013183594, 184.491546630859, 1, 25
1115.94482421875, 1431.70764160156, 184.491546630859, 1, 25
1101.42016601563, 1450.64001464844, 184.491546630859, 1, 25
1092.18908691406, 1473.04382324219, 184.491638183594, 1, 25
1090.09362792969, 1500.83813476563, 184.491683959961, 1, 25
1089.86853027344, 1523.39196777344, 184.49169921875, 1, 25
1082.9052734375, 1536.85192871094, 184.491683959961, 1, 25
1065.32165527344, 1541.13684082031, 185.011474609375, 1, 25
1044.34704589844, 1539.10986328125, 192.896423339844, 1, 25
1020.76373291016, 1535.43627929688, 197.238342285156, 1, 25
997.906188964844, 1533.49279785156, 197.255889892578, 1, 25
976.167114257813, 1537.59106445313, 197.255889892578, 1, 25
955.510803222656, 1538.93823242188, 197.255889892578, 1, 25
939.497924804688, 1524.57104492188, 197.255889892578, 1, 25
928.763671875, 1503.28283691406, 197.525268554688, 1, 25
920.274841308594, 1484.80126953125, 197.43669128418, 1, 25
907.343139648438, 1470.91345214844, 197.436706542969, 1, 25
886.071166992188, 1461.49377441406, 197.43669128418, 1, 25
873.346557617188, 1446.95458984375, 197.265380859375, 1, 25
871.185302734375, 1425.9423828125, 197.255905151367, 1, 25
872.727966308594, 1405.64111328125, 197.055084228516, 1, 25
873.502990722656, 1383.54467773438, 197.232513427734, 1, 25
873.251098632813, 1363.63024902344, 197.232513427734, 1, 25
882.382202148438, 1346.0224609375, 197.232513427734, 1, 25
900.8447265625, 1330.84973144531, 197.232528686523, 1, 25
916.156188964844, 1307.32934570313, 197.255859375, 1, 25
916.869873046875, 1285.23669433594, 197.255859375, 1, 25
907.293029785156, 1264.31909179688, 196.870681762695, 1, 25
900.990783691406, 1242.28698730469, 197.256988525391, 1, 25
916.356506347656, 1232.0546875, 196.870666503906, 1, 25
938.839904785156, 1243.88537597656, 196.929473876953, 1, 25
948.611511230469, 1263.74108886719, 197.225128173828, 1, 25
969.936157226563, 1278.31616210938, 197.446151733398, 1, 25
994.39501953125, 1282.2783203125, 197.255874633789, 1, 25
1017.0654296875, 1290.93103027344, 197.3193359375, 1, 25
1026.38684082031, 1307.85974121094, 197.3193359375, 1, 25
1017.72186279297, 1328.83618164063, 197.255874633789, 1, 25
998.140502929688, 1343.42712402344, 197.527084350586, 1, 25
1000.33489990234, 1365.91711425781, 197.255905151367, 1, 25
992.076293945313, 1388.74743652344, 197.255905151367, 1, 25
986.273132324219, 1410.10400390625, 197.255889892578, 1, 25
979.651489257813, 1434.44616699219, 197.255905151367, 1, 25
979.746032714844, 1457.3408203125, 197.255889892578, 1, 25
984.507019042969, 1480.74291992188, 197.255889892578, 1, 25
985.460388183594, 1502.1982421875, 197.255889892578, 1, 25
