TakeWPAdv=22
MonsterList=FallenGrunt_A|FallenShaman_A|sandWasp_A|FallenChampion_A|Goblin|Uber|FallenHound_B|FallenHound_A|FallenHound_c|FallenHound_D|SandShark_A|SandShark_B|SandShark_|sandWasp_B|Triune_Summonable_C|TriuneCultist_C|TriuneCultist_D|TriuneVessel_C|Triune_Summonable_D|Triune_Berserker_C|Triune_Berserker_B|TriuneSummoner_C|caOut_StingingWinds_Barricade_A|LacuniFemale_A|DuneDervish_B|FallenGrunt_B|Bloodhawk_A|snakeMan_Melee_A|snakeMan_Caster_A|FallenChampion_B|DuneDervish_A|FallenShaman_B|Khamsin_snakeman_melee|electricEel_A|FallenShaman_A_Unique_MiniPools|DuneDervish|FallenLunatic_A|Skeleton_
AutoBuff=True
attackrange=45
Sleep=500
1423.68896484375, 1165.91259765625, 184.491546630859,1,25
1417.50769042969, 1150.60046386719, 184.491546630859,1,25
1412.43310546875, 1137.73046875, 184.491546630859,1,25
1404.1201171875, 1124.30871582031, 184.491546630859,1,25
1391.47351074219, 1113.69616699219, 184.447189331055,1,25
1380.14953613281, 1104.28002929688, 181.636428833008,1,25
endsave()
1366.12182617188, 1093.24047851563, 175.305694580078,1,25
1353.59387207031, 1083.18249511719, 174.539886474609,1,25
1340.26586914063, 1073.43188476563, 174.539886474609,1,25
1327.55456542969, 1063.60607910156, 174.539886474609,1,25
1315.12170410156, 1052.74462890625, 174.539855957031,1,25
1303.73669433594, 1041.41345214844, 174.539855957031,1,25
1295.93408203125, 1031.72387695313, 174.539886474609,1,25
1307.76794433594, 1016.41748046875, 174.53987121582,1,25
1313.46337890625, 1003.07556152344, 174.53987121582,1,25
1322.64392089844, 992.890991210938, 174.539855957031,1,25
1338.30932617188, 989.802001953125, 174.53987121582,1,25
1356.44921875, 984.675964355469, 174.53987121582,1,25
1371.47888183594, 976.366882324219, 174.53987121582,1,25
1388.85681152344, 976.869934082031, 174.53987121582,1,25
1406.92236328125, 972.62841796875, 174.53987121582,1,25
1422.12573242188, 963.372009277344, 174.53987121582,1,25
1434.95654296875, 947.946228027344, 174.539886474609,1,25
1446.65246582031, 933.300720214844, 174.53987121582,1,25
1458.6328125, 920.096313476563, 174.53987121582,1,25
1470.56848144531, 909.571411132813, 174.53987121582,1,25
1474.21179199219, 892.830871582031, 174.53987121582,1,25
1467.75036621094, 876.827514648438, 174.53987121582,1,25
1459.88854980469, 861.32763671875, 174.539855957031,1,25
1455.01770019531, 844.176452636719, 174.539886474609,1,25
1451.61157226563, 824.386657714844, 174.53987121582,1,25
1449.73474121094, 805.795104980469, 174.53987121582,1,25
1463.6572265625, 797.7470703125, 174.632415771484,1,25
1467.26013183594, 809.539306640625, 174.739807128906,1,25
1468.9111328125, 824.610290527344, 174.739807128906,1,25
1475.97705078125, 843.250183105469, 174.679809570313,1,25
1487.78540039063, 857.609008789063, 174.53987121582,1,25
1501.02111816406, 866.181640625, 174.539886474609,1,25
1518.72827148438, 866.348815917969, 174.53987121582,1,25
1533.06787109375, 856.772216796875, 174.539855957031,1,25
1542.912109375, 841.004089355469, 174.706848144531,1,25
1547.48547363281, 822.830261230469, 174.53987121582,1,25
1549.70764160156, 804.288208007813, 174.53987121582,1,25
1547.17700195313, 787.993896484375, 174.53987121582,1,25
1537.61926269531, 772.005859375, 174.739807128906,1,25
1524.44262695313, 760.699645996094, 174.539855957031,1,25
1509.49084472656, 749.396545410156, 174.539855957031,1,25
1495.38220214844, 736.4384765625, 174.539886474609,1,25
1485.47583007813, 720.542419433594, 174.539886474609,1,25
1477.55554199219, 705.059509277344, 174.539901733398,1,25
1469.24340820313, 694.3466796875, 174.539901733398,1,25
1452.47387695313, 689.877075195313, 174.53987121582,1,25
1433.8798828125, 687.527648925781, 174.539886474609,1,25
1417.41528320313, 687.730834960938, 174.539855957031,1,25
1400.5888671875, 692.083557128906, 174.539886474609,1,25
1382.6240234375, 697.433532714844, 174.53987121582,1,25
1364.41943359375, 701.79052734375, 174.53987121582,1,25
1346.69897460938, 703.863464355469, 174.539886474609,1,25
1326.99340820313, 707.261108398438, 174.539886474609,1,25
1314.68566894531, 698.563903808594, 174.53987121582,1,25
1313.68273925781, 682.454956054688, 174.53987121582,1,25
1326.04919433594, 668.897338867188, 174.53987121582,1,25
1341.9873046875, 659.040893554688, 174.53987121582,1,25
1357.67504882813, 651.541625976563, 174.539886474609,1,25
1375.83288574219, 641.184448242188, 174.53987121582,1,25
1385.68127441406, 626.849914550781, 174.53987121582,1,25
1396.76306152344, 610.107116699219, 174.53987121582,1,25
1402.10705566406, 593.159973144531, 174.539901733398,1,25
1405.70056152344, 574.763366699219, 174.539901733398,1,25
1409.28942871094, 556.365295410156, 174.539901733398,1,25
1412.25427246094, 536.505065917969, 174.539901733398,1,25
1411.05712890625, 521.619262695313, 174.539901733398,1,25
1406.16748046875, 509.157043457031, 174.539901733398,1,25
1397.94580078125, 495.619567871094, 174.539901733398,1,25
1382.14465332031, 497.859588623047, 174.539901733398,1,25
1367.39196777344, 504.956359863281, 174.539901733398,1,25
1354.2578125, 519.973815917969, 174.539901733398,1,25
1340.42321777344, 530.534545898438, 174.539901733398,1,25
1327.35668945313, 540.631408691406, 174.539901733398,1,25
1311.33544921875, 540.828918457031, 174.53987121582,1,25
1297.67199707031, 531.564880371094, 174.539886474609,1,25
1280.53271484375, 524.400146484375, 174.53987121582,1,25
1264.22412109375, 532.449829101563, 174.53987121582,1,25
1265.48303222656, 548.894348144531, 174.53987121582,1,25
1273.86218261719, 565.63623046875, 174.53987121582,1,25
1278.53344726563, 583.594482421875, 174.539901733398,1,25
1276.14575195313, 603.480102539063, 174.539886474609,1,25
1266.33276367188, 620.817321777344, 174.53987121582,1,25
1258.92980957031, 637.046325683594, 174.53987121582,1,25
1250.30725097656, 650.541687011719, 174.53987121582,1,25
1236.65673828125, 665.271789550781, 174.539886474609,1,25
1225.67126464844, 682.012451171875, 174.539886474609,1,25
1216.31640625, 699.782836914063, 174.53987121582,1,25
1207.57385253906, 716.362487792969, 174.53987121582,1,25
1197.3427734375, 735.172302246094, 174.53987121582,1,25
1188.82287597656, 753.360168457031, 174.539886474609,1,25
1180.15270996094, 771.463806152344, 174.539886474609,1,25
1171.22766113281, 787.926696777344, 174.539886474609,1,25
1164.81091308594, 802.653503417969, 174.539886474609,1,25
1174.1376953125, 816.896545410156, 174.539886474609,1,25
1169.75512695313, 835.544616699219, 174.539886474609,1,25
1157.36560058594, 845.761169433594, 174.539886474609,1,25
1143.25329589844, 850.406188964844, 174.539886474609,1,25
1129.59606933594, 850.604125976563, 174.539886474609,1,25
1139.14111328125, 847.054992675781, 174.539886474609,1,25
1152.810546875, 861.717956542969, 174.539886474609,1,25
1165.95129394531, 874.89990234375, 174.539886474609,1,25
1174.31433105469, 891.017028808594, 174.539886474609,1,25
1181.77478027344, 908.901123046875, 174.539886474609,1,25
1192.7548828125, 918.907836914063, 174.539886474609,1,25
1197.16076660156, 936.148681640625, 174.539886474609,1,25
1197.14575195313, 954.411926269531, 174.53987121582,1,25
1195.11999511719, 973.044860839844, 174.539886474609,1,25
1190.73352050781, 988.928039550781, 174.539886474609,1,25
1185.18151855469, 1008.19250488281, 174.539886474609,1,25
1198.91870117188, 1015.08605957031, 174.539886474609,1,25
1216.45776367188, 1013.97076416016, 174.539855957031,1,25
1232.12915039063, 1010.43701171875, 174.53987121582,1,25
1250.50939941406, 1006.89807128906, 174.539886474609,1,25
1268.05004882813, 1009.9775390625, 174.53987121582,1,25
1277.1455078125, 1023.73602294922, 174.539855957031,1,25
1280.17456054688, 1043.56372070313, 174.539855957031,1,25
1291.72424316406, 1060.30688476563, 174.53987121582,1,25
1309.67419433594, 1055.69287109375, 174.539886474609,1,25
1326.80493164063, 1058.73510742188, 174.539886474609,1,25
1342.51953125, 1068.48767089844, 174.539886474609,1,25
1353.73999023438, 1081.56884765625, 174.539886474609,1,25
1367.12854003906, 1093.3759765625, 175.601196289063,1,25
1380.23120117188, 1104.81481933594, 181.762664794922,1,25
1391.47351074219, 1113.69616699219, 184.447189331055,1,25
1404.1201171875, 1124.30871582031, 184.491546630859,1,25
1412.43310546875, 1137.73046875, 184.491546630859,1,25
TakeWPAdv=21
AutoBuff=True
sleep=500
1436.52001953125, 308.4052734375, 174.539886474609,1,25
1447.49670410156, 317.477325439453, 173.412353515625,1,25
1455.83935546875, 330.72509765625, 167.685394287109,1,25
1458.43286132813, 347.546966552734, 161.461868286133,1,25
1462.15319824219, 362.519927978516, 158.904907226563,1,25
1467.75354003906, 373.86572265625, 158.799819946289,1,25
1476.49157714844, 386.598297119141, 158.799835205078,1,25
1484.32983398438, 397.050811767578, 158.806030273438,1,25
1493.82751464844, 407.678436279297, 158.805938720703,1,25
1503.77075195313, 417.889251708984, 158.805969238281,1,25
1514.72265625, 427.615081787109, 158.805953979492,1,25
1525.27514648438, 438.340667724609, 158.805923461914,1,25
1537.25354003906, 446.697845458984, 158.805938720703,1,25
1552.20947265625, 451.820495605469, 158.805938720703,1,25
1566.42321777344, 452.898895263672, 158.805938720703,1,25
1581.35583496094, 454.304565429688, 158.805938720703,1,25
1595.15808105469, 454.712524414063, 158.805953979492,1,25
1610.62194824219, 458.153686523438, 158.805938720703,1,25
1626.13012695313, 461.335540771484, 158.805938720703,1,25
1639.97668457031, 461.242523193359, 158.805923461914,1,25
1652.78576660156, 457.145202636719, 158.805938720703,1,25
1667.04455566406, 449.670043945313, 158.805938720703,1,25
1678.15600585938, 439.522705078125, 158.805999755859,1,25
1685.64001464844, 428.919647216797, 158.806442260742,1,25
1693.59399414063, 416.616546630859, 158.806411743164,1,25
1705.61181640625, 408.015533447266, 158.806411743164,1,25
1712.3759765625, 397.121459960938, 158.806411743164,1,25
1722.001953125, 384.211029052734, 158.806427001953,1,25
1737.58630371094, 388.356719970703, 158.806427001953,1,25
1752.86462402344, 392.310272216797, 158.806396484375,1,25
1767.20385742188, 387.869506835938, 158.815155029297,1,25
1782.08044433594, 383.722534179688, 158.812942504883,1,25
1796.12683105469, 379.559539794922, 158.806442260742,1,25
1810.58288574219, 375.381317138672, 159.25700378418,1,25
1823.93408203125, 371.662567138672, 159.556259155273,1,25
1839.71105957031, 367.855987548828, 159.561050415039,1,25
1852.92016601563, 372.32080078125, 158.806442260742,1,25
1851.63623046875, 385.663116455078, 158.806442260742,1,25
1849.49426269531, 399.756896972656, 158.806442260742,1,25
1850.32739257813, 413.502807617188, 158.806427001953,1,25
1856.525390625, 427.61328125, 158.806442260742,1,25
1866.03344726563, 439.258666992188, 159.129638671875,1,25
1878.40515136719, 448.298492431641, 158.848968505859,1,25
1890.84191894531, 455.265441894531, 158.806442260742,1,25
1901.517578125, 463.406188964844, 158.806427001953,1,25
1911.92419433594, 475.260894775391, 158.806442260742,1,25
1918.59606933594, 487.844757080078, 158.806167602539,1,25
1922.49963378906, 501.826690673828, 158.806442260742,1,25
1919.87744140625, 516.204650878906, 158.806411743164,1,25
1915.01452636719, 531.270690917969, 158.805953979492,1,25
1911.05236816406, 545.755249023438, 158.805953979492,1,25
1909.11975097656, 560.275634765625, 158.807571411133,1,25
1908.27978515625, 574.109985351563, 159.007904052734,1,25
1907.7841796875, 589.533874511719, 159.084350585938,1,25
1908.97729492188, 604.518859863281, 158.809524536133,1,25
1917.6748046875, 605.991271972656, 158.80598449707,1,25
1916.74841308594, 591.442810058594, 158.805953979492,1,25
1920.30786132813, 576.474060058594, 158.806411743164,1,25
1926.49011230469, 564.560607910156, 158.759353637695,1,25
1937.87316894531, 556.427673339844, 158.761383056641,1,25
1953.03271484375, 553.782836914063, 158.749237060547,1,25
1969.36938476563, 550.81884765625, 158.904571533203,1,25
1959.79357910156, 541.74267578125, 158.806427001953,1,25
1946.72583007813, 532.830017089844, 158.806442260742,1,25
1937.212890625, 521.749755859375, 158.806442260742,1,25
1926.85192871094, 509.776916503906, 158.806427001953,1,25
1919.9404296875, 497.818542480469, 158.806427001953,1,25
1915.16625976563, 483.154235839844, 158.805953979492,1,25
1912.69665527344, 469.524719238281, 158.806442260742,1,25
1912.67468261719, 455.291595458984, 158.806457519531,1,25
1914.56103515625, 440.370971679688, 158.806457519531,1,25
1917.49389648438, 426.422058105469, 158.806442260742,1,25
1922.31335449219, 413.875793457031, 158.806442260742,1,25
1930.462890625, 398.927093505859, 158.806442260742,1,25
1940.31420898438, 387.107879638672, 159.006423950195,1,25
1952.81518554688, 377.380615234375, 158.806427001953,1,25
1965.14392089844, 368.080749511719, 158.806442260742,1,25
1978.005859375, 361.395721435547, 158.806457519531,1,25
1992.45910644531, 367.328094482422, 158.806427001953,1,25
2003.14855957031, 374.817932128906, 158.806442260742,1,25
2009.67578125, 388.290802001953, 159.006423950195,1,25
2014.71569824219, 402.470916748047, 158.829177856445,1,25
2020.01916503906, 417.192260742188, 158.918228149414,1,25
2020.45971679688, 432.226257324219, 158.918243408203,1,25
2015.68713378906, 446.455963134766, 158.821823120117,1,25
2008.96997070313, 460.792419433594, 159.006423950195,1,25
2000.685546875, 471.879333496094, 158.918228149414,1,25
1990.63549804688, 480.359527587891, 158.918228149414,1,25
1978.33850097656, 488.753814697266, 158.918060302734,1,25
1963.85656738281, 491.665985107422, 159.678436279297,1,25
1949.67687988281, 490.473999023438, 159.584884643555,1,25
1936.08508300781, 487.762054443359, 158.806442260742,1,25
1919.16662597656, 488.006256103516, 158.806274414063,1,25
1905.70190429688, 484.788635253906, 158.805953979492,1,25
1891.75439453125, 482.087371826172, 158.805953979492,1,25
1877.13159179688, 481.260955810547, 158.805953979492,1,25
1862.89538574219, 482.024078369141, 158.805953979492,1,25
1848.61157226563, 484.983734130859, 158.805953979492,1,25
1834.41735839844, 489.978485107422, 158.760070800781,1,25
1819.78002929688, 493.41162109375, 158.761901855469,1,25
1805.10998535156, 490.452850341797, 158.805953979492,1,25
1790.91577148438, 491.425476074219, 158.805953979492,1,25
1776.92321777344, 488.865753173828, 158.805953979492,1,25
1762.47790527344, 484.65185546875, 158.805953979492,1,25
1748.33630371094, 480.932159423828, 158.805953979492,1,25
1734.49267578125, 481.201141357422, 158.805953979492,1,25
1719.52416992188, 482.705871582031, 158.805953979492,1,25
1704.59265136719, 484.542694091797, 158.805938720703,1,25
1691.748046875, 488.346618652344, 158.805953979492,1,25
1678.7470703125, 498.320343017578, 158.805923461914,1,25
1674.71411132813, 511.562744140625, 158.805908203125,1,25
1666.88525390625, 522.382019042969, 158.805938720703,1,25
1652.83312988281, 527.396118164063, 158.805938720703,1,25
1639.77209472656, 521.95166015625, 158.805938720703,1,25
1627.22827148438, 513.073486328125, 158.805938720703,1,25
1614.33032226563, 506.998046875, 158.805938720703,1,25
1600.36730957031, 500.396911621094, 158.805938720703,1,25
1588.27099609375, 494.483642578125, 158.805938720703,1,25
1573.9169921875, 487.787048339844, 158.805938720703,1,25
1560.38586425781, 483.384521484375, 158.805938720703,1,25
1546.49182128906, 480.439727783203, 158.805938720703,1,25
1531.85632324219, 480.132904052734, 158.805938720703,1,25
1519.61181640625, 484.07958984375, 158.805938720703,1,25
1508.74487304688, 496.449066162109, 158.8642578125,1,25
1500.0498046875, 509.211853027344, 158.805938720703,1,25
1493.33984375, 520.80322265625, 158.805938720703,1,25
1490.42980957031, 535.948608398438, 158.805923461914,1,25
1492.82995605469, 547.976135253906, 158.805938720703,1,25
1497.80590820313, 562.103637695313, 158.805938720703,1,25
1506.37866210938, 574.438781738281, 158.806137084961,1,25
1517.35461425781, 584.1376953125, 158.805938720703,1,25
1529.93908691406, 593.084899902344, 158.805938720703,1,25
1541.95166015625, 599.963806152344, 158.805938720703,1,25
1555.7333984375, 606.931701660156, 158.805938720703,1,25
1569.67333984375, 612.526550292969, 158.805938720703,1,25
1584.55187988281, 613.694091796875, 158.805938720703,1,25
1596.79064941406, 607.265258789063, 158.805938720703,1,25
1608.81604003906, 599.612365722656, 158.805938720703,1,25
1620.68957519531, 591.028991699219, 158.805938720703,1,25
1631.08349609375, 582.480529785156, 158.805938720703,1,25
1645.21166992188, 578.6474609375, 158.805938720703,1,25
1659.1162109375, 584.009521484375, 158.805908203125,1,25
1671.18212890625, 595.580505371094, 158.805908203125,1,25
1669.86193847656, 609.631591796875, 158.805938720703,1,25
1665.39587402344, 622.722961425781, 158.805938720703,1,25
1658.4541015625, 635.511352539063, 158.805938720703,1,25
1650.18371582031, 647.11767578125, 158.805938720703,1,25
1641.83422851563, 657.558166503906, 158.805938720703,1,25
1629.22485351563, 666.469421386719, 158.805938720703,1,25
1617.2998046875, 674.279235839844, 158.805938720703,1,25
1606.71630859375, 683.104064941406, 158.805938720703,1,25
1600.89904785156, 694.714050292969, 158.805908203125,1,25
1612.59704589844, 704.0986328125, 158.805908203125,1,25
1624.90710449219, 710.405944824219, 158.805908203125,1,25
1629.97998046875, 724.571594238281, 158.789886474609,1,25
1633.12280273438, 738.859313964844, 158.789886474609,1,25
1640.32092285156, 751.998657226563, 158.789916992188,1,25
1653.46203613281, 755.359497070313, 158.789916992188,1,25
1665.78002929688, 748.282165527344, 158.789916992188,1,25
1674.20971679688, 736.871032714844, 158.789886474609,1,25
1683.97985839844, 724.44677734375, 158.806427001953,1,25
1693.20141601563, 715.784423828125, 158.805953979492,1,25
1708.46813964844, 711.744140625, 158.805953979492,1,25
1722.68884277344, 712.61572265625, 158.805953979492,1,25
1736.13549804688, 713.246826171875, 158.805953979492,1,25
1750.53967285156, 715.748901367188, 158.805953979492,1,25
1764.80871582031, 722.592346191406, 158.806457519531,1,25
1778.55529785156, 726.123413085938, 158.806427001953,1,25
1792.63146972656, 726.773681640625, 158.80647277832,1,25
1805.90454101563, 716.986450195313, 158.805953979492,1,25
1815.93640136719, 707.440124511719, 158.999893188477,1,25
1830.2548828125, 705.465576171875, 159.014282226563,1,25
1843.77514648438, 708.513793945313, 158.812377929688,1,25
1858.74792480469, 707.450500488281, 158.805953979492,1,25
1873.71594238281, 705.929260253906, 158.805953979492,1,25
1888.76110839844, 704.089965820313, 158.805953979492,1,25
1900.99609375, 710.380737304688, 158.805953979492,1,25
1913.9453125, 717.935852050781, 158.806030273438,1,25
1919.47302246094, 730.491271972656, 158.806457519531,1,25
1923.36828613281, 745.432006835938, 158.806457519531,1,25
1922.482421875, 758.740051269531, 158.80647277832,1,25
1917.67834472656, 772.129760742188, 160.020446777344,1,25
1912.28100585938, 785.3046875, 162.372024536133,1,25
1910.69445800781, 800.234924316406, 164.903549194336,1,25