MonsterList=Ghoul_|Beast_B|Goatman_M|Goatman_R|WitherMoth|Beast_A|Goblin|Scavenger|Corpulent|Skeleton|QuillDemon|FleshPitFlyer|Succubus|Scorpion|azmodanBodyguard|succubus|ThousandPounder|FallenGrunt|FallenChampion|FallenHound|FallenShaman|GoatMutant|demonFlyer_B|demonTrooper_|creepMob|Brickhouse_A|Brickhouse_B|Triune_|TriuneVesselActivated_|TriuneVessel|Triune_Summonable_|ConductorProxyMaster|goblin|sandWasp|TriuneCultist|SandShark|Lacuni|SiegebreakerDemon
DecorList=barricade
BanList=a3dun_crater_st_Demon_ChainPylon_Fire_Azmodan
UsePath=false
AutoBuff=True
attackrange=45
revive=false
TakeWP=5
917.76123046875, 584.584777832031, 0.100004427134991,1,25
926.858032226563, 599.291015625, 0.254416018724442,1,25
940.572509765625, 617.347534179688, 0.254415899515152,1,25
947.671264648438, 635.423645019531, 0.100000008940697,1,25
933.447875976563, 646.48291015625, 0.19706204533577,1,25
929.142028808594, 662.89208984375, 0.617754578590393,1,25
911.877807617188, 664.314208984375, -3.29985117912292,1,25
893.624938964844, 660.999267578125, -14.5834827423096,1,25
877.629577636719, 659.939331054688, -24.8185157775879,1,25
861.865051269531, 652.244018554688, -24.9000015258789,1,25
859.654296875, 633.087951660156, -24.1453285217285,1,25
846.140319824219, 622.708801269531, -24.0190258026123,1,25
828.3037109375, 622.508972167969, -24.1607151031494,1,25
809.655212402344, 620.627502441406, -24.1641216278076,1,25
791.677307128906, 623.155090332031, -24.8999996185303,1,25
787.369018554688, 638.967224121094, -24.8999996185303,1,25
788.674926757813, 658.076782226563, -24.9000015258789,1,25
781.197509765625, 666.404174804688, -24.2354850769043,1,25
762.069091796875, 667.36865234375, -12.1461153030396,1,25
743.62744140625, 665.22265625, -0.484464794397354,1,25
728.861755371094, 657.115234375, 0.100000061094761,1,25
725.033935546875, 640.128601074219, 0.171934455633163,1,25
717.388488769531, 624.711059570313, 0.208791196346283,1,25
702.951782226563, 616.702087402344, 0.208789438009262,1,25
684.934143066406, 612.08056640625, 0.232303038239479,1,25
667.978271484375, 612.183715820313, 0.325070470571518,1,25
650.587158203125, 612.880187988281, 0.448566079139709,1,25
632.777709960938, 611.951416015625, 0.873162865638733,1,25
614.954711914063, 611.08837890625, 0.325069040060043,1,25
594.956298828125, 609.443359375, 0.325069010257721,1,25
564.995971679688, 600.894653320313, 0.325069040060043,1,25
sleep=2000
InteractByActorName=Boss_Portal_Siegebreaker
sleep=3000
send={SPACE}
sleep=500
send={ENTER}
sleep=6000
offsetlist()
setherosaxez=15.5
specialml=SiegebreakerDemon
345.655883789063, 361.885864257813, 0.100000128149986,1,25
333.703308105469, 358.345428466797, 0.100000120699406,1,25
320.968200683594, 354.685546875, 0.1000000461936,1,25
330.938507080078, 369.030059814453, 0.100000120699406,1,25
337.197570800781, 359.447296142578, 0.100000113248825,1,25
339.846771240234, 367.142364501953, 0.100000120699406,1,25
327.485992431641, 372.398712158203, 0.100000008940697,1,25
327.3349609375, 370.306701660156, 0.100000098347664,1,25
326.285064697266, 355.961730957031, 0.100000023841858,1,25
329.608489990234, 361.641967773438, 0.100000120699406,1,25
318.775024414063, 370.053436279297, 0.100000061094761,1,25
316.916961669922, 374.49267578125, 0.100000128149986,1,25
330.805206298828, 366.836853027344, 0.100000128149986,1,25
sleep=500
_townportal()
sleep=500
endsave()
specialml=Goblin|brickhouse_|WoodWraith_|Siege_wallMonster|DuneDervish_|Ghost_|Lamprey_|SkeletonSummoner_|Uber
setherosaxez=10
sleep=500