MonsterList=Ghoul_|Beast_B|Goatman_M|Goatman_R|WitherMoth|Beast_A|Goblin|Scavenger|Corpulent|Skeleton|QuillDemon|FleshPitFlyer|Succubus|Scorpion|azmodanBodyguard|succubus|ThousandPounder|FallenGrunt|FallenChampion|FallenHound|FallenShaman|GoatMutant|demonFlyer_B|demonTrooper_|creepMob|Brickhouse_A|Brickhouse_B|Triune_|TriuneVesselActivated_|TriuneVessel|Triune_Summonable_|ConductorProxyMaster|goblin|sandWasp|TriuneCultist|SandShark|Lacuni|Azmodan
banlist=Azmodan_BSS_soul|a3dun_crater_st_Demon_ChainPylon_Fire_Azmodan_Blocker|a3dun_crater_st_Demon_ChainPylon_Fire_Azmodan|Boss_Portal_Azmodan
AutoBuff=True
attackrange=45
revive=false
TakeWP=10
1151.70166015625, 704.105529785156, 0.100000008940697,1,25
1146.23779296875, 722.739440917969, 0.100000120699406,1,25
1129.93518066406, 732.713256835938, 0.100000239908695,1,25
1109.98950195313, 730.53173828125, 0.100000239908695,1,25
1086.78723144531, 724.031921386719, 0.100000068545341,1,25
1063.65759277344, 717.260498046875, 0.100003451108933,1,25
1041.017578125, 712.604064941406, 0.100002259016037,1,25
1017.96948242188, 715.124450683594, 0.100000008940697,1,25
995.844299316406, 720.406127929688, 0.100000038743019,1,25
973.6513671875, 722.077270507813, 0.100000202655792,1,25
950.535034179688, 720.371520996094, 0.102089829742908,1,25
929.22998046875, 718.391479492188, 0.100015267729759,1,25
905.167541503906, 719.664855957031, 0.100016906857491,1,25
882.377136230469, 713.332336425781, 0.100015260279179,1,25
864.896423339844, 703.503234863281, 0.100015260279179,1,25
847.428161621094, 687.556823730469, 0.100015260279179,1,25
830.115112304688, 673.478881835938, 0.100015260279179,1,25
810.326538085938, 657.492858886719, 0.100015267729759,1,25
791.2509765625, 642.045043945313, 0.100015260279179,1,25
778.727722167969, 620.862915039063, 0.10002288967371,1,25
773.411865234375, 597.8154296875, 0.100020110607147,1,25
768.762573242188, 579.680725097656, 0.100015260279179,1,25
749.502075195313, 562.797546386719, 0.100021377205849,1,25
730.772583007813, 546.953063964844, 0.100015260279179,1,25
711.287963867188, 538.164184570313, 0.100015260279179,1,25
688.315246582031, 536.14111328125, 0.100015267729759,1,25
664.346069335938, 541.0341796875, 0.100015260279179,1,25
642.223388671875, 552.403625488281, 0.100014984607697,1,25
619.161499023438, 554.550415039063, 0.0998855605721474,1,25
598.211730957031, 555.571655273438, 0.099885568022728,1,25
572.728210449219, 559.842956542969, 0.10000529140234,1,25
551.513671875, 571.351501464844, 0.0998479127883911,1,25
539.852722167969, 590.183349609375, 0.100019074976444,1,25
536.992492675781, 612.207397460938, 0.100015260279179,1,25
545.957885742188, 634.853576660156, 0.100015260279179,1,25
547.858764648438, 659.283142089844, 0.100015260279179,1,25
555.816040039063, 681.077026367188, 0.143843024969101,1,25
549.551818847656, 701.720703125, 0.555755078792572,1,25
527.397277832031, 711.71630859375, 0.514783442020416,1,25
505.565948486328, 716.255432128906, 0.370303630828857,1,25
481.996246337891, 718.139099121094, 0.100018590688705,1,25
457.455413818359, 717.735900878906, 0.100003473460674,1,25
433.476013183594, 719.961364746094, 0.100000202655792,1,25
409.0068359375, 720.087585449219, 0.10000005364418,1,25
387.031646728516, 713.26171875, 0.100003823637962,1,25
370.476715087891, 704.491455078125, 0.100003816187382,1,25
348.290710449219, 717.528381347656, 0.100000008940697,1,25
325.437225341797, 721.043273925781, 0.1000000461936,1,25
294.680358886719, 720.404174804688, -0.791764259338379,1,25
268.918212890625, 718.829833984375, -5.54678726196289,1,25
242.719833374023, 717.662780761719, -14.9846477508545,1,25
214.342926025391, 720.735534667969, -31.5130805969238,1,25
181.943405151367, 723.930114746094, -47.8554992675781,1,25
endsave()
sleep=500
InteractWithPortal=Boss_Portal_Azmodan
sleep=1000
endsave()
offsetlist()
usepath=false
specialml=Azmodan
704.611450195313, 709.017028808594, 80.0999984741211,1,25
689.465942382813, 692.027282714844, 80.0999984741211,1,25
670.196655273438, 672.180725097656, 79.8199920654297,1,25
647.195068359375, 651.043395996094, 65.4386291503906,1,25
628.80224609375, 634.124328613281, 54.0316467285156,1,25
612.884033203125, 618.488342285156, 43.6520652770996,1,25
592.998901367188, 598.611389160156, 30.9466686248779,1,25
573.493835449219, 578.985229492188, 18.2589073181152,1,25
553.842102050781, 559.5068359375, 5.54806900024414,1,25
530.643310546875, 545.3154296875, 0.6253262758255,1,25
504.469024658203, 543.920104980469, 0.100000001490116,1,25
483.257965087891, 526.937438964844, 0.188714593648911,1,25
478.207550048828, 524.081970214844, 0.188714593648911,1,25
sleep=2500
closewindows()
sleep=500
closeconfirm()
sleep=3200
endsave()
442.030639648438, 429.476470947266, 0.290551841259003,1,25
448.414093017578, 418.462341308594, 0.290555566549301,1,25
436.368530273438, 419.535095214844, 0.255117654800415,1,25
428.632507324219, 433.183959960938, 0.290553838014603,1,25
415.10986328125, 434.431762695313, 0.100000001490116,1,25
426.161407470703, 422.323547363281, 0.173419430851936,1,25
436.244201660156, 427.980804443359, 0.290551751852036,1,25
430.444305419922, 434.811096191406, 0.290551751852036,1,25
426.008148193359, 416.766998291016, 0.173417657613754,1,25
418.65283203125, 406.396911621094, 0.173418015241623,1,25
427.061798095703, 408.313720703125, 0.10000067949295,1,25
sleep=5500
InteractByActorName=Azmodan_BSS_soul
sleep=1500
closewindows()
sleep=500
closeconfirm()
sleep=1500
398.997680664063, 420.582092285156, 0.100003816187382,1,25
395.444519042969, 402.178100585938, 0.465489625930786,1,25
387.29736328125, 379.078552246094, 0.519501209259033,1,25
370.439208984375, 370.965881347656, 1.33544921875,1,25
closewindows()
sleep=500
closeconfirm()
sleep=1000
endsave()
sleep=500
_townportal()
sleep=500