monsterlist = Beast_B|Goatman_M|Goatman_R|WitherMoth|Beast_A|Scavenger|zombie|Corpulent|Skeleton|QuillDemon|FleshPitFlyer|Succubus|Scorpion|azmodanBodyguard|succubus|ThousandPounder|FallenGrunt|FallenChampion|FallenHound|FallenShaman|GoatMutant|demonTrooper_|creepMob|Brickhouse_A|Brickhouse_B|Triune_|TriuneVesselActivated_|TriuneVessel|Triune_Summonable_|ConductorProxyMaster|sandWasp|TriuneCultist|SandShark|Lacuni|Ghoul_|Uber|GoatMutant_Ranged_A|GoatMutant_Melee_A|fastMummy_C|demonFlyer|WoodWraith|TriuneVessel_|snakeMan_
DecorList=barricade|crate
BanList=demonFlyer_A_swoop
autobuff=true
attackrange=35 
usepath=false
TakeWP=1
offsetlist()
4263.265625, 4252.32666015625, -24.8999996185303,1,25
4249.63525390625, 4244.21337890625, -24.5676422119141,1,25
4250.45947265625, 4226.453125, -20.2096691131592,1,25
4253.060546875, 4208.33935546875, -4.50320911407471,1,25
4247.28515625, 4190.79296875, 0.245107278227806,1,25
4229.84814453125, 4181.04296875, 0.100001789629459,1,25
4212.25830078125, 4174.640625, 0.100000001490116,1,25
4193.26953125, 4168.67041015625, 0.100001908838749,1,25
4186.53662109375, 4149.97509765625, 0.100001908838749,1,25
4185.7626953125, 4131.30908203125, 0.100002497434616,1,25
endsave()
usepath=false
4190.97412109375, 4111.96826171875, 0.822406232357025,1,25
4188.4375, 4092.21484375, 0.237389653921127,1,25
4181.74853515625, 4073.27758789063, 0.243726342916489,1,25
4175.625, 4054.1650390625, 0.243726342916489,1,25
4175.736328125, 4034.2060546875, 0.243726342916489,1,25
4181.224609375, 4013.53344726563, 0.245107114315033,1,25
4181.7431640625, 3992.59057617188, 2.26545143127441,1,25
4183.76953125, 3971.27392578125, -0.896835684776306,1,25
4188.08837890625, 3950.30224609375, -0.8968306183815,1,25
4188.142578125, 3932.9453125, 2.03383207321167,1,25
4187.96728515625, 3908.85791015625, 0.0999961867928505,1,25
4198.9404296875, 3889.14477539063, 1.22383117675781,1,25
4197.79638671875, 3872.08984375, -0.188151329755783,1,25
4186.947265625, 3851.03979492188, 0.0999961867928505,1,25
4198.2275390625, 3833.5732421875, 0.100002184510231,1,25
4209.78515625, 3817.19409179688, 0.100000143051147,1,25
4214.5869140625, 3796.48022460938, 0.100002892315388,1,25
4216.78125, 3777.85913085938, 0.10000216960907,1,25
4218.38818359375, 3756.50561523438, 0.100000008940697,1,25
4217.36767578125, 3735.1865234375, 0.100000485777855,1,25
4206.453125, 3715.91064453125, 0.100000001490116,1,25
4193.205078125, 3700.13525390625, 0.100000008940697,1,25
4171.18017578125, 3699.88500976563, 0.100003816187382,1,25
4150.73974609375, 3706.30029296875, 0.100003816187382,1,25
4131.5556640625, 3712.23217773438, 0.100003816187382,1,25
4110.8369140625, 3717.21459960938, 0.100001275539398,1,25
4093.89086914063, 3716.53491210938, 0.100002348423004,1,25
4070.77783203125, 3716.93115234375, 0.100007630884647,1,25
4049.10961914063, 3725.27197265625, 0.693324327468872,1,25
4046.2314453125, 3741.888671875, 0.100000001490116,1,25
4048.71704101563, 3756.06274414063, 0.245111078023911,1,25
4047.8203125, 3775.94165039063, -10.5554037094116,1,25
4046.79028320313, 3795.77392578125, -24.1735820770264,1,25
4027.92456054688, 3807.25048828125, -24.8999919891357,1,25
4003.82495117188, 3807.1201171875, -24.8999977111816,1,25
3981.51049804688, 3807.02905273438, -24.8711357116699,1,25
3960.19189453125, 3808.66528320313, -24.8270645141602,1,25
3940.11987304688, 3809.3427734375, -24.5788249969482,1,25
3917.81689453125, 3809.95874023438, -24.8999996185303,1,25
3896.40478515625, 3810.2138671875, -24.8999996185303,1,25
3876.49267578125, 3807.69946289063, -24.8999938964844,1,25
3867.5830078125, 3792.2060546875, -23.9382095336914,1,25
3869.87280273438, 3779.9296875, -13.8801126480103,1,25
3869.66650390625, 3763.65747070313, -0.336102426052094,1,25
3845.72973632813, 3724.21215820313, 0.100007630884647,1,25
3825.298828125, 3738.05126953125, 0.100001908838749,1,25
3810.05004882813, 3745.96215820313, 0.100001908838749,1,25
3767.51171875, 3742.57397460938, 0.100001908838749,1,25
3760.275390625, 3724.08837890625, 0.10000191628933,1,25
3758.009765625, 3704.16674804688, 0.100001908838749,1,25
3738.5947265625, 3690.33081054688, 0.100001908838749,1,25
3720.11474609375, 3692.41723632813, 0.100001908838749,1,25
3700.95239257813, 3696.67724609375, 0.100001908838749,1,25
3686.51586914063, 3702.51928710938, 0.100001908838749,1,25
3683.48510742188, 3719.8876953125, 0.100001901388168,1,25
3682.70239257813, 3738.47143554688, 0.672203242778778,1,25
3661.19677734375, 3741.35180664063, 0.100002944469452,1,25
3637.10400390625, 3740.8046875, 0.100003510713577,1,25
3618.49340820313, 3739.2353515625, 0.100001908838749,1,25
3596.53442382813, 3730.599609375, 0.100000001490116,1,25
3580.373046875, 3723.01586914063, 0.100003026425838,1,25
3568.14306640625, 3735.37084960938, 0.418705940246582,1,25
3567.97265625, 3754.3310546875, 8.16732311248779,1,25
3566.83276367188, 3770.91625976563, 22.5687923431396,1,25
3571.37915039063, 3782.55224609375, 25.2734851837158,1,25
3570.04321289063, 3782.46142578125, 25.2752170562744,1,25
3555.54907226563, 3787.22265625, 25.2734832763672,1,25
3536.60131835938, 3785.12353515625, 25.2734832763672,1,25
3503.1533203125, 3771.93872070313, 25.2734832763672,1,25
3482.14697265625, 3776.1298828125, 25.2734851837158,1,25
3463.15893554688, 3778.87573242188, 25.2734851837158,1,25
3443.2099609375, 3779.4287109375, 25.3541584014893,1,25
3421.796875, 3778.82788085938, 12.619514465332,1,25
3404.17749023438, 3781.20825195313, 0.742025017738342,1,25
3383.5986328125, 3774.51635742188, 0.313737481832504,1,25
3384.25708007813, 3753.7421875, 0.410134881734848,1,25
3383.37182617188, 3730.34130859375, -18.2452392578125,1,25
3382.8369140625, 3709.4091796875, -24.6493053436279,1,25
3383.25659179688, 3689.32958984375, -24.8391170501709,1,25
3383.58935546875, 3669.24658203125, -24.8391170501709,1,25
3384.87255859375, 3649.2177734375, -24.8391170501709,1,25
3397.21166992188, 3628.77758789063, -24.8054027557373,1,25
3407.35595703125, 3629.74072265625, -24.0461120605469,1,25
3424.1025390625, 3630.53149414063, -10.3478584289551,1,25
3440.9658203125, 3625.39135742188, 0.401171207427979,1,25
3455.77490234375, 3613.9814453125, 0.100003816187382,1,25
3478.44165039063, 3614.46069335938, 0.100003823637962,1,25
3495.44555664063, 3606.32495117188, 0.100002020597458,1,25
3498.39013671875, 3583.81762695313, 0.100001230835915,1,25
3498.45336914063, 3561.53588867188, 0.10000191628933,1,25
3500.28588867188, 3540.201171875, 0.100000001490116,1,25
3502.39624023438, 3518.88745117188, 0.100001059472561,1,25
3504.5517578125, 3496.67578125, 0.252276629209518,1,25
3504.94775390625, 3474.36206054688, 0.252276003360748,1,25
3503.2451171875, 3450.82666015625, 0.252274453639984,1,25
3504.78125, 3429.62890625, 0.252273172140121,1,25
3505.93286132813, 3408.24926757813, 0.195450127124786,1,25
3504.94506835938, 3385.9541015625, 0.10000191628933,1,25
3504.04736328125, 3363.20581054688, 0.100000008940697,1,25
3502.88305664063, 3345.87451171875, 0.100001908838749,1,25
3486.76611328125, 3326.91967773438, -0.156523138284683,1,25
3470.90698242188, 3313.34643554688, -0.140962988138199,1,25
3463.80810546875, 3297.76049804688, 0.100003816187382,1,25
3448.49169921875, 3287.400390625, 0.121454648673534,1,25
3434.18139648438, 3273.32666015625, 0.100003808736801,1,25
3424.755859375, 3253.34008789063, 0.100003816187382,1,25
3408.21850585938, 3242.36279296875, -0.12604646384716,1,25
3385.95288085938, 3243.65771484375, 1.13900649547577,1,25
3365.0791015625, 3248.341796875, 0.100003816187382,1,25
3343.83544921875, 3254.33520507813, 0.100000001490116,1,25
3321.98559570313, 3254.73266601563, 0.100001513957977,1,25
3307.24145507813, 3272.451171875, 0.100003816187382,1,25
3305.36865234375, 3293.25390625, 0.308215707540512,1,25
3303.21215820313, 3311.85913085938, 0.729689180850983,1,25
3288.72534179688, 3320.98876953125, 0.535665988922119,1,25
endsave()
usepath=false
3268.8388671875, 3322.7880859375, 11.9587020874023,1,25
3249.2138671875, 3319.47998046875, 25.3957366943359,1,25
3233.2978515625, 3319.28930664063, 25.2574119567871,1,25
3209.77514648438, 3316.93408203125, 25.2574138641357,1,25
3191.07421875, 3318.033203125, 25.2574119567871,1,25
3171.22583007813, 3313.25170898438, 25.2574119567871,1,25
3170.6953125, 3290.33251953125, 25.2574119567871,1,25
3170.73974609375, 3268.94921875, 25.2574119567871,1,25
3170.28491210938, 3248.90209960938, 25.2574119567871,1,25
3170.9150390625, 3228.89575195313, 24.6886425018311,1,25
3171.47998046875, 3208.841796875, 7.8044490814209,1,25
3182.6494140625, 3188.75634765625, 0.308215707540512,1,25
3198.63134765625, 3181.87866210938, 0.213997036218643,1,25
3216.58203125, 3166.67138671875, 0.10000191628933,1,25
3227.70263671875, 3148.888671875, 0.100001908838749,1,25
3238.00610351563, 3129.6494140625, 0.10000191628933,1,25
3242.20434570313, 3108.68896484375, 0.100000910460949,1,25
3243.80249023438, 3087.341796875, 0.100001908838749,1,25
3241.42407226563, 3065.20092773438, 0.100001908838749,1,25
3241.49731445313, 3043.79931640625, 0.100001908838749,1,25
3242.29418945313, 3022.38916015625, 0.100001819431782,1,25
3243.1240234375, 3000.0869140625, 0.100001908838749,1,25
3240.7568359375, 2978.84155273438, 0.100001901388168,1,25
3237.61840820313, 2944.4970703125, -0.140962898731232,1,25
3237.08081054688, 2923.08642578125, 0.0999980941414833,1,25
3241.52685546875, 2898.1552734375, -0.140964895486832,1,25
3253.68701171875, 2879.48852539063, 0.099997878074646,1,25
3261.173828125, 2855.98803710938, 0.0999979823827744,1,25
3263.30297851563, 2833.32690429688, 0.100000008940697,1,25
3262.93920898438, 2810.64428710938, 0.100000008940697,1,25
3264.21801757813, 2789.76684570313, 0.100000001490116,1,25
3267.173828125, 2764.95068359375, 0.132077872753143,1,25
3269.76098632813, 2743.68579101563, 0.180833473801613,1,25
3268.986328125, 2721.00952148438, 0.0999992787837982,1,25
_townportal()
sleep=500