MonsterList=angelDemonImpact_angelTrail|coreEliteDemon_podRocket|spire_AngelCorpse_Barrel_A|angelDemonImpact_angelTrail_thicker|crowd_commonAngel_falling|demonAttack_battle
BanList=
AutoBuff=True
usepath=false
revive=false
sleep=500
355.404510498047, 715.53271484375, -14.7000007629395,1,25
356.774627685547, 691.826538085938, -14.7000007629395,1,25
Sleep=1500
closewindows()
sleep=500
closewindows()
sleep=500
closewindows()
sleep=500
closewindows()
sleep=3000
InteractByActorName=Tyrael
sleep=500
closewindows()
sleep=500
closewindows()
sleep=500
closewindows()
sleep=500
closewindows()
sleep=500
closewindows()
sleep=500
closewindows()
sleep=500
354.609527587891, 681.864807128906, -14.7000007629395,1,25
354.822143554688, 665.88525390625, -13.5165061950684,1,25
InteractBossPortal=Boss_Portal_1000MonsterFight
endsave()
sleep=1000
closewindows()
sleep=500
closeconfirm()
sleep=1500
offsetlist()
usepath=false
specialml=shadowVermin_A_1000MonsterFight|TerrorDemon_A_Unique_1000Monster
356.651458740234, 595.362670898438, -14.7999992370605,1,25
356.651458740234, 595.362670898438, -14.7999992370605,1,25
344.202362060547, 594.338500976563, -14.9000034332275,1,25
342.420013427734, 594.238403320313, -14.9000024795532,1,25
342.420013427734, 594.238403320313, -14.9000024795532,1,25
340.637664794922, 594.138305664063, -14.9000024795532,1,25
340.637664794922, 594.138305664063, -14.9000024795532,1,25
338.855316162109, 594.038208007813, -14.9000024795532,1,25
338.855316162109, 594.038208007813, -14.9000024795532,1,25
338.855316162109, 594.038208007813, -14.9000024795532,1,25
337.072967529297, 593.938110351563, -14.9000024795532,1,25
336.627380371094, 593.9130859375, -14.9000024795532,1,25
335.290618896484, 593.838073730469, -14.9000034332275,1,25
335.290618896484, 593.838073730469, -14.9000034332275,1,25
333.508270263672, 593.738037109375, -14.9000015258789,1,25
333.508270263672, 593.738037109375, -14.9000015258789,1,25
331.725921630859, 593.637939453125, -14.9000015258789,1,25
331.725921630859, 593.637939453125, -14.9000015258789,1,25
329.941497802734, 593.587646484375, -14.9000024795532,1,25
329.941497802734, 593.587646484375, -14.9000024795532,1,25
328.156463623047, 593.605224609375, -14.9000024795532,1,25
328.156463623047, 593.605224609375, -14.9000024795532,1,25
326.372406005859, 593.66943359375, -14.9000024795532,1,25
326.372406005859, 593.66943359375, -14.9000024795532,1,25
324.593231201172, 593.815185546875, -14.9000015258789,1,25
324.593231201172, 593.815185546875, -14.9000015258789,1,25
322.839935302734, 594.150634765625, -14.9000024795532,1,25
322.839935302734, 594.150634765625, -14.9000024795532,1,25
321.987823486328, 594.416259765625, -14.9000024795532,1,25
321.135711669922, 594.681884765625, -14.9000024795532,1,25
319.659393310547, 595.685546875, -14.9000024795532,1,25
319.659393310547, 595.685546875, -14.9000024795532,1,25
319.659393310547, 595.685546875, -14.9000024795532,1,25
318.931488037109, 597.315673828125, -14.9000034332275,1,25
319.274230957031, 598.139831542969, -14.9000024795532,1,25
319.616943359375, 598.963928222656, -14.9000024795532,1,25
319.616943359375, 598.963928222656, -14.9000024795532,1,25
321.296173095703, 600.433654785156, -14.9000024795532,1,25
321.296173095703, 600.433654785156, -14.9000024795532,1,25
322.818145751953, 601.366516113281, -14.9000024795532,1,25
322.818145751953, 601.366516113281, -14.9000024795532,1,25
324.395538330078, 602.202453613281, -14.9000015258789,1,25
324.395538330078, 602.202453613281, -14.9000015258789,1,25
326.080078125, 602.793334960938, -14.9000024795532,1,25
326.080078125, 602.793334960938, -14.9000024795532,1,25
327.826049804688, 603.165100097656, -14.9000024795532,1,25
327.826049804688, 603.165100097656, -14.9000024795532,1,25
329.600708007813, 603.357971191406, -14.9000024795532,1,25
329.600708007813, 603.357971191406, -14.9000024795532,1,25
331.385864257813, 603.362609863281, -14.9000015258789,1,25
331.385864257813, 603.362609863281, -14.9000015258789,1,25
333.167236328125, 603.246887207031, -14.9000024795532,1,25
333.167236328125, 603.246887207031, -14.9000024795532,1,25
334.50244140625, 603.1474609375, -14.9000024795532,1,25
334.947509765625, 603.114318847656, -14.9000015258789,1,25
334.947509765625, 603.114318847656, -14.9000015258789,1,25
336.727783203125, 602.981750488281, -14.9000024795532,1,25
336.727783203125, 602.981750488281, -14.9000024795532,1,25
338.474487304688, 602.613586425781, -14.9000034332275,1,25
338.474487304688, 602.613586425781, -14.9000034332275,1,25
sleep=2000
closewindows()
sleep=500
closewindows()
sleep=500
closewindows()
sleep=500
355.588928222656, 596.547424316406, -14.7999992370605,1,25
355.421813964844, 571.108947753906, -14.8000020980835,1,25
355.015167236328, 548.483154296875, -14.7999992370605,1,25
354.121276855469, 517.297912597656, -14.8579902648926,1,25
354.498504638672, 474.050170898438, -14.671103477478,1,25
354.537475585938, 439.990844726563, -14.3822708129883,1,25
337.502899169922, 417.97265625, -14.9000015258789,1,25
318.612457275391, 399.341766357422, -14.9000024795532,1,25
317.421875, 371.251098632813, -5.40241193771362,1,25
316.890258789063, 353.086029052734, 0.100000306963921,1,25
323.091369628906, 333.684478759766, 0.100000485777855,1,25
345.292785644531, 327.720458984375, 0.100000448524952,1,25
355.169738769531, 323.151672363281, 0.450847029685974,1,25
sleep=1500
InteractByActorName=Fate
sleep=1000
closewindows()
sleep=500
closewindows()
sleep=500
closewindows()
sleep=1000
357.018920898438, 319.118957519531, 1.49171483516693,1,25
357.018920898438, 319.118957519531, 1.49171483516693,1,25
355.073516845703, 295.09765625, 3.15568923950195,1,25
endsave()
specialml=Goblin|brickhouse_|WoodWraith_|Siege_wallMonster|DuneDervish_|Ghost_|Lamprey_|SkeletonSummoner_|Uber
sleep=500
InteractBossPortal=g_Portal_ArchTall_Blue
sleep=1000
offsetlist()
sleep=500