MonsterList=crowd_angelDemonImpact_angelTrail|crowd_coreEliteDemon_podRocket_near|crowd_angelDemonImpact_angelTrail|crowd_angelDemonImpact_angelTrail_thicker|crowd_demonAttack_battle|BileCrawler|a4dun_spire_tealFall|MastaBlasta|demonFlyer_C|gibClusters_frost_humanoid|gibClusters_frost_humanoid_fat|monsterAffix_Vortex_model|Succubus_B|gibClusters_fire_humanoid|crowd_coreEliteDemon_podRocket_|BigRed_death_skeleton|CoreEliteDemon_A|BigRed|a4dun_Garden_Corruption_Monster|Angel_Corrupt|shadowVermin|azmodanBodyguard|Goblin
specialML=demonFlyer_C_Challenge|Aspect_Destruction|MalletDemon|Brickhouse
BanList=common_angel
DecorList=_Props_Barrel_A|_Props_Barrel_C|_Props_Barrel_B|_spire_AngelCorpse_Barrel_B|a4dun_spire_AngelCorpse_Barrel_C|crowd_commonAngel_falling|a4dun_spire_barrel_C
AutoBuff=True
attackrange=40
usepath=false
744.631103515625,1206.83679199219,-9.89999866485596, 1, 25
723.871948242188,1213.86157226563,-9.89999961853027, 1, 25
701.791076660156,1209.77307128906,-9.89999580383301, 1, 25
690.099609375,1187.96032714844,-9.89999866485596, 1, 25
690.632934570313,1165.65185546875,-9.89999866485596, 1, 25
694.108764648438,1145.24841308594,-9.89999866485596, 1, 25
707.854125976563,1134.6484375,-9.89999866485596, 1, 25
723.013427734375,1132.59130859375,-9.89734649658203, 1, 25
721.47265625,1107.44262695313,-9.17393016815186, 1, 25
721.400573730469,1085.85266113281,-3.78344488143921, 1, 25
721.507202148438,1057.50598144531,0.652567446231842, 1, 25
721.791748046875,1032.30871582031,0.100003816187382, 1, 25
719.531555175781,1009.66351318359,0.100003100931644, 1, 25
718.342834472656,988.098083496094,0.100001290440559, 1, 25
717.209594726563,963.827819824219,0.100000008940697, 1, 25
716.920043945313,940.013854980469,0.100000113248825, 1, 25
711.126708984375,916.612609863281,0.100000120699406, 1, 25
692.765380859375,910.621948242188,0.100000090897083, 1, 25
670.063232421875,901.964721679688,0.100000001490116, 1, 25
651.489929199219,918.317810058594,0.330043643712997, 1, 25
634.232543945313,899.959350585938,0.43203592300415, 1, 25
635.198303222656,882.352600097656,0.100000105798244, 1, 25
644.443664550781,867.438781738281,0.100000001490116, 1, 25
653.889953613281,847.019470214844,0.10000005364418, 1, 25
670.466186523438,831.181823730469,0.509907007217407, 1, 25
InteractWithPortal=a4_Heaven_Gardens_HellPortal
offsetlist()
LoadSequence=act4-BOUNTY-HellRift_LVL2