MonsterList=angelDemonImpact_angelTrail|coreEliteDemon_podRocket|spire_AngelCorpse_Barrel_A|angelDemonImpact_angelTrail_thicker|crowd_commonAngel_falling|demonAttack_battle|Diablo
BanList=a4dunSpire_Diablo_Cover01|a4dun_DIablo_Arena_Health_Well|a4dun_diablo_bone_gate|a4dun_Diablo_Bone_Prison_Untargetable|a4dun_Diablo_Bone_Prison|a4dun_Diablo_Bone_Prison_Black|diablo_corruption_sphereExplode|Boss_Portal_Diablo|Diablo_Arena_Cracks2|MarkerLocation|Start_Location_0|AngelWings_common_model
AutoBuff=True
usepath=false
revive=false
TakeWP=7
sleep=500
256.522705078125, 326.300354003906, 0.100000008940697,1,25
264.250762939453, 321.338104248047, 0.0999999940395355,1,25
280.745727539063, 309.275421142578, 0.100000001490116,1,25
291.765319824219, 292.071746826172, 2.05984544754028,1,25
sleep=1500
InteractBossPortal=Boss_Portal_Diablo
sleep=1000
endsave()
offsetlist()
usepath=false
specialml=Diablo|Diablo_shadowClone_Wizard_Female|Diablo_shadowClone_Wizard_Male|Diablo_shadowClone_Barbarian_Male|Diablo_shadowClone_Barbarian_Female|Diablo_shadowClone_DemonHunter_Male|Diablo_shadowClone_DemonHunter_Female|Diablo_shadowClone_Witchdoctor_Male|Diablo_shadowClone_Witchdoctor_Female|Diablo_shadowClone_Monk_Male|Diablo_shadowClone_Monk_Female|Diablo_shadowClone_Crusader_Male|Diablo_shadowClone_Crusader_Female
673.896545410156, 672.623107910156, 0.100000001490116,1,25
647.749084472656, 645.758239746094, 0.100000008940697,1,25
637.275390625, 635.405822753906, 0.0999995172023773,1,25
598.300170898438, 596.599670410156, 0.100000001490116,1,25
573.400512695313, 571.700012207031, 0.100000008940697,1,25
552.966674804688, 549.866943359375, 0.0999999940395355,1,25
526.499145507813, 523.96435546875, 0.0999988615512848,1,25
500.957550048828, 499.019409179688, 2.95233011245728,1,25
486.286651611328, 484.658752441406, 14.6847190856934,1,25
471.680847167969, 470.381408691406, 26.3720855712891,1,25
453.35693359375, 452.409118652344, 40.1357345581055,1,25
440.174530029297, 439.229034423828, 40.0999984741211,1,25
410.631988525391, 408.819427490234, 40.0999984741211,1,25
394.154052734375, 392.047454833984, 40.6104125976563,1,25
sleep=2000
Closewindows()
sleep=500
Closeconfirm()
sleep=1000
381.779327392578, 379.727996826172, 40.610424041748,1,25
376.551330566406, 374.431549072266, 40.610424041748,1,25
354.459655761719, 352.363128662109, 40.610424041748,1,25
343.367645263672, 307.451019287109, 40.610424041748,1,25
353.484283447266, 287.009429931641, 40.610424041748,1,25
Closewindows()
sleep=500
Closeconfirm()
sleep=3500
Closewindows()
sleep=500
Closeconfirm()
sleep=2000
endsave()
offsetlist()
usepath=false
340.874450683594, 342.708831787109, -11.4843807220459,1,25
324.533081054688, 349.895721435547, -11.4843807220459,1,25
314.461853027344, 339.447265625, -11.4843807220459,1,25
312.745239257813, 324.059448242188, -11.4843807220459,1,25
327.296600341797, 313.956634521484, -11.4843807220459,1,25
340.874450683594, 342.708831787109, -11.4843807220459,1,25
324.533081054688, 349.895721435547, -11.4843807220459,1,25
314.461853027344, 339.447265625, -11.4843807220459,1,25
312.745239257813, 324.059448242188, -11.4843807220459,1,25
327.296600341797, 313.956634521484, -11.4843807220459,1,25
sleep=2000
Closewindows()
sleep=500
Closeconfirm()
sleep=8000
endsave()
offsetlist()
usepath=false
381.25, 381.25, 40.610424041748,1,25
365.3779296875, 389.419647216797, 40.610424041748,1,25
361.062927246094, 371.750274658203, 40.6104278564453,1,25
379.070983886719, 363.911529541016, 40.610424041748,1,25
399.31982421875, 388.233581542969, 40.6104278564453,1,25
378.848876953125, 406.629669189453, 40.610424041748,1,25
sleep=9000
Closewindows()
sleep=500
_Townportal()
sleep=500