MonsterList=demonFlyer_C|a4dun_Garden_Corruption_Monster|crowd_commonAngel_falling|MastaBlasta_Combined_A|MastaBlasta_Steed_A|MastaBlasta_Rider_|BileCrawler|BigRed_A|Angel_Corrupt|Succubus_|a4dun_Garden_Corruption_HellRift_Monster|shadowVermin|TerrorDemon_|Goblin|morluMelee_A_Unique_02|morluMelee_A_Unique_01|morluMelee_A|CoreEliteDemon_A|Champion_morluSpellcaster_A_Spawner|MorluSpellcaster
BanList=Angel_Trooper_A
specialML=demonFlyer_C_Challenge|Aspect_Pain|Aspect_Anguish|Aspect_Destruction
AutoBuff=True
attackrange=40
2530.86303710938,1973.15649414063,15.100001335144, 1, 25
2539.93334960938,1971.50268554688,15.1000022888184, 1, 25
2556.755859375,1973.2236328125,15.1000022888184, 1, 25
2580.2578125,1985.34057617188,15.100001335144, 1, 25
2599.4052734375,1996.81091308594,15.1000003814697, 1, 25
2622.98364257813,2005.94360351563,15.100001335144, 1, 25
2645.19677734375,2014.91723632813,15.100001335144, 1, 25
2669.10522460938,2016.8369140625,15.100001335144, 1, 25
2695.1435546875,2028.05004882813,15.100001335144, 1, 25
2717.50317382813,2040.17626953125,15.100001335144, 1, 25
2732.75170898438,2038.39770507813,15.1000003814697, 1, 25
2741.068359375,2012.03698730469,15.1000003814697, 1, 25
2740.603515625,2008.90319824219,15.100001335144, 1, 25
2734.42431640625,1993.36889648438,15.100001335144, 1, 25
2703.8369140625,1988.45703125,15.1000022888184, 1, 25
2674.677734375,1985.54150390625,15.100001335144, 1, 25
2651.28051757813,1970.15466308594,15.100001335144, 1, 25
2609.47412109375,1956.59497070313,15.100001335144, 1, 25
2577.54760742188,1945.28759765625,15.100001335144, 1, 25
2538.3369140625,1925.189453125,15.1000022888184, 1, 25
2512.41943359375,1922.8603515625,15.100001335144, 1, 25
2498.2109375,1949.39453125,15.100001335144, 1, 25
2488.35717773438,1970.92346191406,15.1083869934082, 1, 25
2486.90014648438,1977.08947753906,15.4165554046631, 1, 25
2480.50024414063,1985.13940429688,9.81325626373291, 1, 25
2477.515625,1997.34802246094,1.95880520343781, 1, 25
2473.25366210938,2009.91638183594,0.100000008940697, 1, 25
2466.68994140625,2035.91101074219,0.100001215934753, 1, 25
2454.78955078125,2063.54931640625,0.100001901388168, 1, 25
2440.6181640625,2090.47875976563,0.100001901388168, 1, 25
2413.76171875,2109.61938476563,0.100001253187656, 1, 25
2403.85205078125,2132.00903320313,0.100001908838749, 1, 25
2415.57568359375,2149.09326171875,0.100001126527786, 1, 25
2438.24145507813,2158.31884765625,0.100001320242882, 1, 25
2460.28466796875,2166.32177734375,0.100000016391277, 1, 25
2476.9482421875,2181.91650390625,0.100000001490116, 1, 25
2498.6962890625,2194.30419921875,0.100000023841858, 1, 25
2515.16625976563,2200.91162109375,0.100000023841858, 1, 25
2529.99169921875,2213.9873046875,0.100000031292439, 1, 25
2547.6181640625,2225.77758789063,0.100000023841858, 1, 25
2565.41723632813,2235.77612304688,0.100000008940697, 1, 25
2566.71508789063,2230.44458007813,0.100000031292439, 1, 25
2566.71508789063,2230.44458007813,0.100000031292439, 1, 25
2570.07299804688,2226.5439453125,0.100000031292439, 1, 25
2572.28051757813,2223.31201171875,0.099994994699955, 1, 25
2575.26782226563,2217.32299804688,-0.0775989294052124, 1, 25
2580.29345703125,2208.38818359375,-6.87181997299194, 1, 25
2583.77416992188,2205.32885742188,-10.262059211731, 1, 25
2588.46899414063,2198.482421875,-14.8999996185303, 1, 25
2597.30151367188,2195.6435546875,-14.8999996185303, 1, 25
2607.57373046875,2198.45825195313,-14.8999996185303, 1, 25
2620.93701171875,2209.32690429688,-14.8999996185303, 1, 25
2638.7236328125,2214.52075195313,-14.9000005722046, 1, 25
2652.54956054688,2213.83959960938,-14.8999996185303, 1, 25
2667.26611328125,2208.80615234375,-14.8999996185303, 1, 25
2685.126953125,2209.73999023438,-14.899998664856, 1, 25
2698.24169921875,2216.9814453125,-14.8999996185303, 1, 25
2711.92993164063,2231.73974609375,-14.8999996185303, 1, 25
2725.88916015625,2254.931640625,-14.9000005722046, 1, 25
2732.53344726563,2275.19653320313,-14.8999996185303, 1, 25
2742.62524414063,2295.50463867188,-14.8999996185303, 1, 25
2752.5693359375,2311.47778320313,-14.8999977111816, 1, 25
2752.9619140625,2327.6904296875,-14.9000005722046, 1, 25
2736.83569335938,2343.4765625,-14.9000015258789, 1, 25
2723.96337890625,2352.9501953125,-14.9000015258789, 1, 25
2711.28125,2339.8779296875,-14.9000015258789, 1, 25
2699.25927734375,2328.40234375,-14.8999996185303, 1, 25
2687.79077148438,2318.66357421875,-14.8999996185303, 1, 25
2680.03759765625,2312.51098632813,-11.9917888641357, 1, 25
2666.14306640625,2303.40502929688,-0.352942943572998, 1, 25
2664.03833007813,2301.85327148438,0.412565171718597, 1, 25
2655.57275390625,2288.83813476563,0.100000001490116, 1, 25
2660.5751953125,2273.40014648438,0.100000001490116, 1, 25
2642.359375,2273.59838867188,0.0999999940395355, 1, 25
2621.349609375,2272.19702148438,0.100000016391277, 1, 25
2606.76611328125,2264.20434570313,0.100000031292439, 1, 25
2594.041015625,2256.17114257813,0.100000023841858, 1, 25
2569.02856445313,2241.77001953125,0.100000031292439, 1, 25
2558.01000976563,2247.4072265625,0.337179243564606, 1, 25
2555.44140625,2249.87817382813,0.412551254034042, 1, 25
2550.52001953125,2255.38916015625,-2.4969277381897, 1, 25
2547.51123046875,2260.09130859375,-6.19613265991211, 1, 25
2546.30834960938,2262.14038085938,-7.9433126449585, 1, 25
2543.76831054688,2264.64013671875,-10.2219524383545, 1, 25
2540.46020507813,2270.23828125,-14.8125648498535, 1, 25
2538.240234375,2277.61352539063,-14.8999996185303, 1, 25
2530.61376953125,2287.6591796875,-14.8999996185303, 1, 25
2517.13989257813,2302.14526367188,-14.9000015258789, 1, 25
2502.81762695313,2315.72729492188,-14.9000005722046, 1, 25
2489.2578125,2334.73046875,-14.8999996185303, 1, 25
2479.3525390625,2349.8203125,-14.8999996185303, 1, 25
2457.00048828125,2370.36840820313,-14.8999996185303, 1, 25
2435.78857421875,2377.064453125,-14.9000005722046, 1, 25
2410.38549804688,2366.43896484375,-14.8999996185303, 1, 25
2391.77099609375,2347.66723632813,-14.8999996185303, 1, 25
2369.6953125,2333.228515625,-14.9000005722046, 1, 25
2347.75537109375,2329.25659179688,-14.8999996185303, 1, 25
2324.08056640625,2347.47216796875,-14.9000005722046, 1, 25
2326.23046875,2371.57250976563,-14.9000024795532, 1, 25
2340.62670898438,2389.51928710938,-14.9000034332275, 1, 25
2358.68432617188,2399.6767578125,-14.9000015258789, 1, 25
2373.38818359375,2417.79809570313,-14.9000015258789, 1, 25
2389.8291015625,2436.5517578125,-14.8999996185303, 1, 25
2406.74267578125,2452.46484375,-14.9000005722046, 1, 25
2423.05932617188,2458.85546875,-14.9000005722046, 1, 25
2445.66528320313,2452.97729492188,-14.9000005722046, 1, 25
2468.35766601563,2448.99267578125,-14.9000015258789, 1, 25
2489.32592773438,2463.50708007813,-14.9000015258789, 1, 25
2501.97265625,2482.1748046875,-14.9000015258789, 1, 25
2496.79296875,2500.01342773438,-14.9000005722046, 1, 25
2475.2685546875,2507.79467773438,-14.9000015258789, 1, 25
2449.68530273438,2508.10986328125,-14.8999996185303, 1, 25
2435.244140625,2489.75439453125,-14.8999996185303, 1, 25
2421.78564453125,2470.71044921875,-14.9000015258789, 1, 25
2402.3203125,2456.099609375,-14.9000005722046, 1, 25
2380.7978515625,2455.95532226563,-14.8999996185303, 1, 25
2358.5146484375,2470.30322265625,-14.9000015258789, 1, 25
2336.09594726563,2487.91259765625,-14.899998664856, 1, 25
2316.01196289063,2502.71362304688,-14.8999996185303, 1, 25
2297.49047851563,2506.3037109375,-14.899998664856, 1, 25
2291.53540039063,2506.40698242188,-14.8999996185303, 1, 25
2286.9248046875,2505.66552734375,-14.672456741333, 1, 25
2281.51098632813,2499.74487304688,-10.4117240905762, 1, 25
2280.55053710938,2496.72534179688,-7.98780632019043, 1, 25
2275.587890625,2495.45874023438,-5.59746217727661, 1, 25
2273.3779296875,2492.02319335938,-2.54333400726318, 1, 25
2271.14770507813,2482.78198242188,0.422933757305145, 1, 25
2262.72534179688,2473.32299804688,0.428348332643509, 1, 25
2241.04614257813,2480.39721679688,0.428348362445831, 1, 25
2228.66259765625,2490.57568359375,0.428348332643509, 1, 25
2213.25048828125,2488.1630859375,0.428348332643509, 1, 25
2210.92138671875,2485.09716796875,0.420901238918304, 1, 25
2208.41333007813,2482.220703125,0.311361998319626, 1, 25
2206.69946289063,2479.09619140625,-1.50247168540955, 1, 25
2200.08666992188,2463.58447265625,-12.4753503799438, 1, 25
2196.8193359375,2459.60668945313,-14.8999996185303, 1, 25
2190.22583007813,2449.8935546875,-14.8999996185303, 1, 25
2187.94897460938,2431.32543945313,-14.9000005722046, 1, 25
2172.38745117188,2425.81005859375,-14.9000005722046, 1, 25
2177.66821289063,2442.79760742188,-14.899998664856, 1, 25
2190.6328125,2452.63671875,-14.8999996185303, 1, 25
2198.685546875,2465.26025390625,-12.3692836761475, 1, 25
2206.4931640625,2474.2177734375,-4.28356790542603, 1, 25
2213.673828125,2486.828125,0.428348332643509, 1, 25
2218.55151367188,2489.71484375,0.428348332643509, 1, 25
2238.57080078125,2492.56811523438,0.428348332643509, 1, 25
2247.34228515625,2483.43603515625,0.428348332643509, 1, 25
2259.4541015625,2474.072265625,0.428348332643509, 1, 25
2265.17065429688,2473.36352539063,0.428348332643509, 1, 25
2267.97924804688,2481.3798828125,0.428348481655121, 1, 25
2272.50830078125,2483.82543945313,0.416554361581802, 1, 25
2276.49365234375,2489.96923828125,-2.93503260612488, 1, 25
2280.05395507813,2496.505859375,-7.71096706390381, 1, 25
2284.9677734375,2504.05883789063,-13.5289306640625, 1, 25
2292.24877929688,2515.34741210938,-14.8999996185303, 1, 25
2298.06103515625,2524.31713867188,-14.8999996185303, 1, 25
2306.9775390625,2538.30810546875,-15.6297035217285, 1, 25
2310.66333007813,2543.89453125,-20.562068939209, 1, 25
2316.35815429688,2551.4931640625,-26.7042026519775, 1, 25
2322.1220703125,2561.63818359375,-29.9000034332275, 1, 25
2331.19311523438,2585.21948242188,-29.8999977111816, 1, 25
2336.90698242188,2604.06201171875,-29.9000034332275, 1, 25
2348.04223632813,2626.65209960938,-29.9000053405762, 1, 25
2359.82983398438,2644.11987304688,-29.9000034332275, 1, 25
2363.85864257813,2668.658203125,-29.9000034332275, 1, 25
2360.59350585938,2696.63671875,-29.9000015258789, 1, 25
2355.30834960938,2703.76318359375,-29.9000015258789, 1, 25
2334.78881835938,2704.80981445313,-29.9000034332275, 1, 25
2309.99389648438,2698.81884765625,-29.9000015258789, 1, 25
2289.56762695313,2675.14990234375,-29.8999996185303, 1, 25
2272.39770507813,2652.54321289063,-29.8999996185303, 1, 25
2249.41528320313,2633.3369140625,-29.9000015258789, 1, 25
2238.51977539063,2614.52734375,-29.8999977111816, 1, 25
2236.70727539063,2611.9296875,-29.6743335723877, 1, 25
2230.056640625,2601.63916015625,-22.7642307281494, 1, 25
2227.0791015625,2597.65087890625,-19.2093544006348, 1, 25
2221.05200195313,2592.92993164063,-14.9081134796143, 1, 25
2213.89575195313,2577.59716796875,-14.8999996185303, 1, 25
2205.0673828125,2565.90942382813,-14.899998664856, 1, 25
2197.47875976563,2553.49340820313,-9.43109512329102, 1, 25
2193.81201171875,2547.45971679688,-4.73095750808716, 1, 25
2189.12622070313,2545.06884765625,-1.16482639312744, 1, 25
2183.26928710938,2536.2578125,0.428348481655121, 1, 25
2168.97436523438,2530.69921875,0.428348332643509, 1, 25
2147.6748046875,2543.57250976563,0.427095025777817, 1, 25
2112.9892578125,2563.6064453125,0.427095025777817, 1, 25
2104.86303710938,2573.7197265625,0.427093118429184, 1, 25
2100.94384765625,2590.69580078125,0.427095025777817, 1, 25
2103.43725585938,2615.12646484375,0.427094399929047, 1, 25
2099.89379882813,2642.69140625,0.427092790603638, 1, 25
2084.22192382813,2646.56665039063,0.427092790603638, 1, 25
2079.57763671875,2657.79663085938,0.427092790603638, 1, 25
2078.79150390625,2669.13623046875,0.427092790603638, 1, 25
2081.2900390625,2673.533203125,0.427092790603638, 1, 25
2083.66772460938,2679.77709960938,0.427093029022217, 1, 25
2085.92822265625,2688.76586914063,-1.70823621749878, 1, 25
2088.87744140625,2696.95776367188,-7.22474384307861, 1, 25
2091.65991210938,2706.353515625,-13.6681890487671, 1, 25
2093.533203125,2713.12451171875,-14.8999996185303, 1, 25
2114.09594726563,2718.12182617188,-14.8999996185303, 1, 25
2132.83740234375,2721.22509765625,-14.8999996185303, 1, 25
2143.83227539063,2735.26977539063,-14.8999996185303, 1, 25
2142.8359375,2753.1806640625,-14.899998664856, 1, 25
2150.48852539063,2766.48583984375,-14.9000005722046, 1, 25
2144.36450195313,2786.6376953125,-14.899998664856, 1, 25
2144.3701171875,2805.92626953125,-14.9000005722046, 1, 25
2149.27783203125,2817.87866210938,-14.9000034332275, 1, 25
2166.24462890625,2856.66650390625,-14.8999996185303, 1, 25
2180.09057617188,2895.81323242188,-14.899995803833, 1, 25
2171.79516601563,2895.25952148438,-14.9000005722046, 1, 25
2157.07177734375,2891.99096679688,-14.9000024795532, 1, 25
2144.89599609375,2880.11059570313,-14.9000034332275, 1, 25
2139.82080078125,2848.38330078125,-14.9000034332275, 1, 25
2124.95556640625,2818.67529296875,-14.9000024795532, 1, 25
2117.32934570313,2794.1416015625,-14.9000024795532, 1, 25
2110.77099609375,2766.59033203125,-14.9000015258789, 1, 25
2100.46508789063,2742.25512695313,-14.9000005722046, 1, 25
2096.28588867188,2721.31958007813,-14.8999996185303, 1, 25
2093.94213867188,2709.83154296875,-14.8999996185303, 1, 25
2090.3125,2699.77734375,-9.07668018341064, 1, 25
2087.05590820313,2689.77514648438,-2.47187757492065, 1, 25
2083.8408203125,2681.82299804688,0.419407457113266, 1, 25
2067.5888671875,2664.48657226563,0.427092790603638, 1, 25
2052.48046875,2647.18823242188,0.427092790603638, 1, 25
2031.04370117188,2628.20263671875,0.427094757556915, 1, 25
2012.85827636719,2621.86279296875,0.427094727754593, 1, 25
2002.94873046875,2618.77465820313,0.427095025777817, 1, 25
1998.71813964844,2605.603515625,0.427095025777817, 1, 25
1994.35290527344,2585.49487304688,0.427093118429184, 1, 25
1987.95849609375,2563.43774414063,0.427094995975494, 1, 25
1986.22277832031,2541.60961914063,0.427094340324402, 1, 25
2002.52075195313,2525.35546875,0.427094995975494, 1, 25
2014.08447265625,2516.15966796875,0.427094995975494, 1, 25
2008.27478027344,2496.46069335938,0.427095025777817, 1, 25
2007.08850097656,2488.66577148438,3.71859192848206, 1, 25
2005.12231445313,2481.86450195313,8.38637447357178, 1, 25
2002.08435058594,2472.85717773438,15.1483612060547, 1, 25
2000.06579589844,2470.41577148438,15.4165630340576, 1, 25
1989.31201171875,2455.09716796875,15.100001335144, 1, 25
